AMG,ATF,ATI,ATP,CAR,CF1,CF2,CF3,CF4,Falta,GCC,GLI,LIN,LIP,MAC,MON,NTI,OTR,OXA,PAP,PEN,POL,QUI,SUL,TTC,hoursVM,numberOfPatients_atb,numberOfPatientsMR,neighbor_CAR,neighbor_PAP,neighbor_Falta,neighbor_QUI,neighbor_ATF,neighbor_OXA,neighbor_PEN,neighbor_CF3,neighbor_GLI,neighbor_CF4,neighbor_SUL,neighbor_NTI,neighbor_LIN,neighbor_AMG,neighbor_MAC,neighbor_CF1,neighbor_GCC,neighbor_POL,neighbor_ATI,neighbor_MON,neighbor_LIP,neighbor_TTC,neighbor_OTR,neighbor_CF2,neighbor_ATP,numberOfPatients_ttl,cambio_postural,insulina,nutr_art,sedacion,relajacion,fallo_hepatico,fallo_renal,fallo_coagulacion,fallo_hemodinamico,fallo_respiratorio,fallo_multiorganico,n_transf,farm_vasoactivos,dosis_nems,hoursTraqueo,hoursConUlcera,hoursConHemo,C01 VC acceso periférico 1,C01 VC acceso periférico 2,C02 Vía central - YD,C02 Vía central - SD,C02 Vía central - SI,C02 Vía central - FD,C02 Vía central - YI,C02 Vía central - FI,numberOfCatheters
1.0,0.2987069377663949,0.0,0.0,0.23496324101699875,0.0,0.7071067811865476,0.5656854249492381,0.49487165930539356,0.3157894736842105,0.0,0.27056610748303,0.6666666666666667,0.7071067811865476,0.0,0.0,0.6123724356957945,0.0,0.46770717334674267,0.27196414661021057,0.7071067811865476,0.0,0.24525119397904702,0.6666666666666667,0.0,0.07589653250126986,0.07532189222743478,0.08717921461603848,0.18191775354424455,0.1305779987395823,0.17164502002333687,0.167444261684024,0.19228921695501053,0.034804119356576575,0.07947194142390264,0.0665861877881762,0.08545424936013865,0.07782641028457232,0.05594144469629285,0.05758915222694052,0.20654123021419563,0.10192658629805189,0.0309344112444873,0.044151078568834795,0.01496543236039248,0.3658340969157542,0.01052631578947367,0.02139312749202788,0.018427115179918657,0.018427115179918657,0.0,0.010526315789473675,0.0,0.08052672103900918,0.19798989873223324,0.19044960339620906,0.22585760958611975,0.2181529734146136,0.6666666666666667,0.43033148291193524,0.3284080569228652,0.42426406871192857,0.2808701730242385,0.17661267819753287,0.24167519817552335,0.1051769982312567,0.3677453795254047,0.1560615869380989,0.036908387964894665,0.053691895877867185,0.43769732392193195,0.04453058431105108,0.01842711517991865,0.02285067101343866,0.05155698495756705,0.04847568546097018,0.0,0.2778909813044752,0.010526315789473675,0.20265953050806634
0.2987069377663949,1.0,0.0,0.0,0.576,0.0,0.3157894736842105,0.5200705032248686,0.6123724356957945,0.5773502691896257,0.0,0.590253243518791,0.42426406871192857,0.3157894736842105,0.0,0.0,0.47071684059880803,0.0,0.5819690713431428,0.5102493843217866,0.3157894736842105,0.0,0.6262327353421694,0.40249223594996214,0.0,0.19390234151015934,0.02471723953008767,0.048714183795723454,0.03462507566582773,0.2665048251412045,0.16604912823074927,0.1344740277115189,0.333833271122079,0.02277937514823125,0.0,0.15341084055264614,0.11558866717565794,0.0335971155271716,0.11905886852735581,0.019539450800807226,0.09628826680370733,0.08897723515743931,0.14484136487558047,0.013781637176578695,0.0700712753800578,0.07056938917054524,0.2135744251723958,0.033389028164708894,0.0671063526633559,0.06710635266335588,0.0,0.04928640580901444,0.0,0.05213839254828407,0.5021937623643795,0.5014977157527594,0.512215026685018,0.5295793643727649,0.42426406871192857,0.5014977157527595,0.6075694404757369,0.6153054713272649,0.5414120347312603,0.45757668471434804,0.5412658773652742,0.04828045495852677,0.5727026612409094,0.2758518879608465,0.1728127697644627,0.011194098801176222,0.24772848005616613,0.20850148268036464,0.08627959628145755,0.169497680045199,0.09395076984721462,0.011708007259938001,0.0,0.12526870642779558,0.049286405809014444,0.16166345405764093
0.0,0.0,1.0,0.0,0.0,0.0,0.0,0.0,0.0,0.0,0.0,0.0,0.0,0.0,0.0,0.0,0.0,0.0,0.0,0.0,0.0,0.0,0.0,0.0,0.0,0.0,0.0,0.0,0.0,0.0,0.0,0.0,0.0,0.0,0.0,0.0,0.0,0.0,0.0,0.0,0.0,0.0,0.0,0.0,0.0,0.0,0.0,0.0,0.0,0.0,0.0,0.0,0.0,0.0,0.0,0.0,0.0,0.0,0.0,0.0,0.0,0.0,0.0,0.0,0.0,0.0,0.0,0.0,0.0,0.0,0.0,0.0,0.0,0.0,0.0,0.0,0.0,0.0,0.0,0.0
0.0,0.0,0.0,1.0,0.0,0.0,0.0,0.0,0.0,0.0,0.0,0.0,0.0,0.0,0.0,0.0,0.0,0.0,0.0,0.0,0.0,0.0,0.0,0.0,0.0,0.0,0.0,0.0,0.0,0.0,0.0,0.0,0.0,0.0,0.0,0.0,0.0,0.0,0.0,0.0,0.0,0.0,0.0,0.0,0.0,0.0,0.0,0.0,0.0,0.0,0.0,0.0,0.0,0.0,0.0,0.0,0.0,0.0,0.0,0.0,0.0,0.0,0.0,0.0,0.0,0.0,0.0,0.0,0.0,0.0,0.0,0.0,0.0,0.0,0.0,0.0,0.0,0.0,0.0,0.0
0.23496324101699875,0.576,0.0,0.0,1.0,0.0,0.24242424242424243,0.4444444444444445,0.5019280510983323,0.5597713819051489,0.0,0.5065343125268933,0.32282086615060485,0.24242424242424243,0.0,0.0,0.38441959582723756,0.0,0.4992281505185443,0.6766835867607902,0.24242424242424243,0.0,0.6457721649622657,0.32282086615060496,0.0,0.16720619178009619,0.2316075261716674,0.06676014135757843,0.48316461344937456,0.2076800192973207,0.2444176987660308,0.16246052457038807,0.11912467150602786,0.12380430399603065,0.1026979795322187,0.06555908990628972,0.01963175898755711,0.1483608450671849,0.29792484582393225,0.03451355138642147,0.09243423333081699,0.011906449446326087,0.13325044772225658,1.3877787807814457e-17,0.05157106231293965,0.11331853993401472,0.14509525002200227,0.14744195615489702,2.0816681711721685e-17,2.5153490401663703e-17,0.0,0.07254762501100115,0.0,0.176918886793188,0.5153078466666182,0.4954412517536379,0.43150100290677657,0.5237828008789241,0.32282086615060485,0.47022576886577305,0.5756632532529082,0.5709101446224544,0.5621081111233993,0.455101761385381,0.5816848132621244,0.1066003581778052,0.5257642356894127,0.1897297877497461,0.18499891602515212,0.19791686922699203,0.033149677206589775,0.0696762461181713,0.1270001270001903,0.02430508696104823,0.21086991101036842,0.16278000063364537,0.0,0.06177989050246908,0.07254762501100114,0.18623125657326028
0.0,0.0,0.0,0.0,0.0,1.0,0.0,0.0,0.0,0.0,0.0,0.0,0.0,0.0,0.0,0.0,0.0,0.0,0.0,0.0,0.0,0.0,0.0,0.0,0.0,0.0,0.0,0.0,0.0,0.0,0.0,0.0,0.0,0.0,0.0,0.0,0.0,0.0,0.0,0.0,0.0,0.0,0.0,0.0,0.0,0.0,0.0,0.0,0.0,0.0,0.0,0.0,0.0,0.0,0.0,0.0,0.0,0.0,0.0,0.0,0.0,0.0,0.0,0.0,0.0,0.0,0.0,0.0,0.0,0.0,0.0,0.0,0.0,0.0,0.0,0.0,0.0,0.0,0.0,0.0
0.7071067811865476,0.3157894736842105,0.0,0.0,0.24242424242424243,0.0,1.0,0.5656854249492381,0.49487165930539356,0.3157894736842105,0.0,0.28259708263021954,0.6666666666666667,0.7071067811865476,0.0,0.0,0.6123724356957945,0.0,0.46770717334674267,0.27196414661021057,0.7071067811865476,0.0,0.253859103528797,0.6666666666666667,0.0,0.07589653250126989,0.07300429554351373,0.016144299002970108,0.18191775354424466,0.1305779987395824,0.035463847112259694,0.14468484747454508,0.015123870996461513,0.2503651166618252,0.07947194142390268,0.06658618778817622,0.09684814927482381,0.0811381724243414,0.05594144469629287,0.05758915222694056,0.05096471914376259,0.0639200625936936,0.3402785236893605,0.04415107856883483,0.014965432360392474,0.02877346829674472,0.010526315789473675,0.02139312749202789,0.018427115179918668,0.01842711517991867,0.0,0.9999999999999998,0.0,0.020747059132321145,0.19398969044771425,0.19422124881465533,0.23240556292613207,0.212765648736674,0.6666666666666667,0.5270462766947299,0.3284080569228652,0.42426406871192857,0.29457912265490277,0.17661267819753285,0.24167519817552335,0.0433081757422822,0.40655781409087083,0.022639266166436627,0.03690838796489468,0.053691895877867206,0.024049303512194073,0.04453058431105109,0.01842711517991866,0.1594275800577319,0.051556984957567054,0.04847568546097021,0.0,0.03863861865498731,0.010526315789473679,0.013510635367204434
0.5656854249492381,0.5200705032248686,0.0,0.0,0.4444444444444445,0.0,0.5656854249492381,1.0,0.692820323027551,0.5200705032248686,0.0,0.4636894163293259,0.6666666666666667,0.5656854249492381,0.0,0.0,0.6998542122237652,0.0,0.6803013430498075,0.48765984909417065,0.5656854249492381,0.0,0.43268524101826045,0.6666666666666667,0.0,0.1445696552278151,0.0965582989984024,0.17717842502889875,0.01983863527265331,0.06124149659896751,0.07207484724988399,0.056166821819358476,0.030736955538027008,0.14831333368775879,3.469446951953614e-18,0.44464338113783397,0.21998541603940466,0.0033653251097691267,0.13436378511071703,0.005088745530266552,0.10357799975260135,0.03862122433896567,0.12573892269238643,0.05383819020581663,0.030414953233623677,0.0584776751877079,0.021393127492027895,0.0434782608695652,0.03745029431365688,0.03745029431365689,0.0,0.02139312749202791,0.0,0.12935433648399272,0.3517856810114605,0.36051553369801653,0.40645842251344466,0.3972104079569559,0.6666666666666667,0.7027283689263065,0.5543196128553987,0.6527139518645054,0.4972886485734417,0.33145630368119416,0.4420406760601055,0.0880172458846704,0.5914847651505893,0.02546859291308764,0.07501065567953095,0.024488564573905247,0.18573082362323415,0.058902160539065225,0.03745029431365687,0.2067375470306465,0.10478168946867078,0.04163678947715765,0.0,0.07852708502518918,0.02139312749202791,0.08237490229903816
0.49487165930539356,0.6123724356957945,0.0,0.0,0.5019280510983323,0.0,0.49487165930539356,0.692820323027551,1.0,0.5863019699779287,0.0,0.5728706112357294,0.6123724356957945,0.49487165930539356,0.0,0.0,0.6666666666666666,0.0,0.7050116453778216,0.5587260669577023,0.49487165930539356,0.0,0.4851617505515565,0.6123724356957945,0.0,0.09702969130429602,0.043743678128341554,0.0893836420003494,0.11389576410547528,0.05898201623598194,0.08210882673483014,0.0368206733839961,0.21205362665254446,0.042381506259283164,0.0,0.023938794927456118,0.20549713838336095,0.270868604979421,0.038395331411533326,0.044108984812565755,0.08775574544703962,0.09130003318166789,0.07784989441615242,0.11111111111111133,0.0376621788577355,0.09310068075811487,0.026490647141300883,0.05383819020581657,0.04637388957601683,0.04637388957601683,0.0,0.026490647141300897,0.0,0.00442477009796035,0.3987960845530532,0.40240323883255286,0.48750734531109696,0.42134235813247733,0.6123724356957945,0.6369536815867006,0.6148170459575759,0.692820323027551,0.5426484191564422,0.381122283317273,0.4811252243246882,0.14012980994907423,0.6404344228724749,0.12183931035710871,0.09288407280256492,0.024824773861429096,0.06052275326688028,0.011269454541047823,0.046373889576016805,0.1107799895165321,0.10857000434743165,0.09234408971954784,0.0,0.09723839121757273,0.026490647141300897,0.05666836674317057
0.3157894736842105,0.5773502691896257,0.0,0.0,0.5597713819051489,0.0,0.3157894736842105,0.5200705032248686,0.5863019699779287,1.0,0.0,0.6102674833562752,0.42426406871192857,0.3157894736842105,0.0,0.0,0.49487165930539356,0.0,0.5819690713431429,0.6111890168254417,0.3157894736842105,0.0,0.6420892379744055,0.37947331922020555,0.0,0.014208127726967293,0.062094528575586005,0.021837392736013962,0.009695021186431778,0.01567675442007085,0.48486345443378787,0.00761173741763313,0.12476597001532244,0.11740139499473029,0.0826898230594724,0.1138209462164794,0.04445717968294533,0.007753180506270357,0.3095530581711251,0.16803927688694204,0.16327140892802547,0.1321177128095311,0.048280454958526814,0.16078576706008524,0.07007127538005778,0.03207699507752057,0.2135744251723958,0.0333890281647089,0.08627959628145758,0.08627959628145757,0.0,0.049286405809014444,0.0,0.043357189592783604,0.5250322918753615,0.533885087597759,0.5595930734022065,0.5567547114899406,0.40249223594996214,0.5833220810869016,0.65625,0.6415002990995842,0.5866051470482239,0.4674181694232308,0.5762215285808054,0.02896827297511606,0.6006556184800586,0.10915687237610891,0.005236750598923104,0.13848384954493553,0.1126038545709846,0.07496354081272351,0.22049230160816927,0.058884140603839764,0.10708536343805049,0.04946403512293878,0.0,0.1217408935465165,0.04928640580901444,0.16166345405764088
0.0,0.0,0.0,0.0,0.0,0.0,0.0,0.0,0.0,0.0,1.0,0.0,0.0,0.0,0.0,0.0,0.0,0.0,0.0,0.0,0.0,0.0,0.0,0.0,0.0,0.0,0.0,0.0,0.0,0.0,0.0,0.0,0.0,0.0,0.0,0.0,0.0,0.0,0.0,0.0,0.0,0.0,0.0,0.0,0.0,0.0,0.0,0.0,0.0,0.0,0.0,0.0,0.0,0.0,0.0,0.0,0.0,0.0,0.0,0.0,0.0,0.0,0.0,0.0,0.0,0.0,0.0,0.0,0.0,0.0,0.0,0.0,0.0,0.0,0.0,0.0,0.0,0.0,0.0,0.0
0.27056610748303,0.590253243518791,0.0,0.0,0.5065343125268933,0.0,0.28259708263021954,0.4636894163293259,0.5728706112357294,0.6102674833562752,0.0,1.0,0.36799999999999994,0.28259708263021954,0.0,0.0,0.4156146634506456,0.0,0.5981452814975454,0.5946022149147122,0.28259708263021954,0.0,0.5844187617030241,0.38366652186501754,0.0,0.1665247650909225,0.11218601690328187,0.3294905284112649,0.10364280780712985,0.031060358411121383,0.22641480011605383,0.043696629787712646,0.26261666323656097,0.1685135273211832,0.13232695443769726,0.14254865215464857,0.554245489105527,0.10359083753378999,0.042339477252618746,0.25670041691483,0.027436009492577587,0.2420400404746115,0.16924121922990837,0.09451925316978377,0.08899502545949933,0.030310445695613253,0.05758915222694051,0.11704114719613043,0.10081418441397186,0.10081418441397186,0.0,0.05758915222694056,0.0,0.1836011986820625,0.5154713705745744,0.5047109911711913,0.49754409358003426,0.5074953992923513,0.36799999999999994,0.5014556071553312,0.6072106030067054,0.6156527595264233,0.6209390987751363,0.486334907034423,0.6313351455772872,0.06033817381240204,0.5878816278935121,0.17482997817521706,0.2019246634313236,0.16234176378267354,0.08809670775389494,0.07058468742094315,0.17971224178142797,0.06979922920763175,0.036738067703254905,0.030519455480412256,0.0,0.08977864948569542,0.057589152226940554,0.13176379189173074
0.6666666666666667,0.42426406871192857,0.0,0.0,0.32282086615060485,0.0,0.6666666666666667,0.6666666666666667,0.6123724356957945,0.42426406871192857,0.0,0.36799999999999994,1.0,0.6666666666666667,0.0,0.0,0.692820323027551,0.0,0.5879447357921312,0.37037037037037035,0.6666666666666667,0.0,0.33603572637267565,0.7071067811865476,0.0,0.10790332023592797,0.054366913575638665,0.12394409075900414,0.01640126891336032,0.12852335059601566,0.046385959774289706,0.07164858397693319,0.05221877978658955,0.04948157593891797,0.2259730731464129,0.12171426878652765,0.008099445328479355,0.0023541927340800586,0.09399336953000767,0.08899502545949935,0.29364298698826585,0.02701724283818336,0.043979949713354255,0.06277029809622581,0.02127659574468083,0.040907702389038895,0.014965432360392477,0.030414953233623646,0.02619812585311227,0.02619812585311227,0.0,0.014965432360392477,0.0,0.005499333933513519,0.2690734279112646,0.26435429288238266,0.31102511111824355,0.29391114278493696,0.7071067811865476,0.6388765649999398,0.46770717334674267,0.5454545454545454,0.38076545175639737,0.24580669741972358,0.33145630368119416,0.061571929598695896,0.5270462766947299,0.03218660861775928,0.1765009265839491,0.07633463142583849,0.03419128137749753,0.14571914458533286,0.02619812585311225,0.10149427987393864,0.07329939425338305,0.1271721874478473,0.0,0.05493314522812011,0.014965432360392475,0.019208287474713318
0.7071067811865476,0.3157894736842105,0.0,0.0,0.24242424242424243,0.0,0.7071067811865476,0.5656854249492381,0.49487165930539356,0.3157894736842105,0.0,0.28259708263021954,0.6666666666666667,1.0,0.0,0.0,0.6123724356957945,0.0,0.46770717334674267,0.27196414661021057,0.7071067811865476,0.0,0.253859103528797,0.6666666666666667,0.0,0.07589653250126988,0.0359227486007766,0.016144299002970104,0.011536247785732586,0.050222307207531694,0.10071732579881751,0.06665257018490277,0.11883041497219754,0.14258461800920086,0.07947194142390267,0.08561081287051228,0.09684814927482381,0.08113817242434138,0.05594144469629286,0.1827829614159417,0.05096471914376258,0.06392006259369358,0.030934411244487307,0.04415107856883481,0.014965432360392475,0.028773468296744716,0.010526315789473674,0.02139312749202789,0.5712405705774786,0.018427115179918657,0.0,0.010526315789473677,0.0,0.0882629125798747,0.19398969044771425,0.19422124881465536,0.23240556292613207,0.212765648736674,0.6666666666666667,0.5270462766947299,0.3284080569228652,0.37947331922020555,0.29457912265490277,0.17661267819753287,0.24167519817552335,0.2536621722047957,0.4065578140908709,0.05902717183143541,0.036908387964894665,0.0536918958778672,0.43769732392193206,0.04453058431105108,0.01842711517991865,0.07138857167974813,0.05155698495756707,0.04847568546097019,0.0,0.27789098130447526,0.010526315789473677,0.01351063536720443
0.0,0.0,0.0,0.0,0.0,0.0,0.0,0.0,0.0,0.0,0.0,0.0,0.0,0.0,1.0,0.0,0.0,0.0,0.0,0.0,0.0,0.0,0.0,0.0,0.0,0.0,0.0,0.0,0.0,0.0,0.0,0.0,0.0,0.0,0.0,0.0,0.0,0.0,0.0,0.0,0.0,0.0,0.0,0.0,0.0,0.0,0.0,0.0,0.0,0.0,0.0,0.0,0.0,0.0,0.0,0.0,0.0,0.0,0.0,0.0,0.0,0.0,0.0,0.0,0.0,0.0,0.0,0.0,0.0,0.0,0.0,0.0,0.0,0.0,0.0,0.0,0.0,0.0,0.0,0.0
0.0,0.0,0.0,0.0,0.0,0.0,0.0,0.0,0.0,0.0,0.0,0.0,0.0,0.0,0.0,1.0,0.0,0.0,0.0,0.0,0.0,0.0,0.0,0.0,0.0,0.0,0.0,0.0,0.0,0.0,0.0,0.0,0.0,0.0,0.0,0.0,0.0,0.0,0.0,0.0,0.0,0.0,0.0,0.0,0.0,0.0,0.0,0.0,0.0,0.0,0.0,0.0,0.0,0.0,0.0,0.0,0.0,0.0,0.0,0.0,0.0,0.0,0.0,0.0,0.0,0.0,0.0,0.0,0.0,0.0,0.0,0.0,0.0,0.0,0.0,0.0,0.0,0.0,0.0,0.0
0.6123724356957945,0.47071684059880803,0.0,0.0,0.38441959582723756,0.0,0.6123724356957945,0.6998542122237652,0.6666666666666666,0.49487165930539356,0.0,0.4156146634506456,0.692820323027551,0.6123724356957945,0.0,0.0,1.0,0.0,0.648074069840786,0.42149774596577316,0.6123724356957945,0.0,0.39912624295140003,0.692820323027551,0.0,0.00212668181926505,0.10616154212336232,0.03203006429474957,0.020195077835718722,0.09964035778772196,0.09684816580726609,0.019921041485613487,0.09455530256325928,0.060927254031330966,0.1391216687280503,0.06105742679018167,0.04321608866738589,0.136241041503575,0.044513521477825294,0.3199754548791277,0.0610436287353307,0.11189692379355218,0.054153036107388156,0.08759512475469836,0.026198125853112243,0.050370141370836015,0.018427115179918643,0.03745029431365682,0.03225806451612892,0.03225806451612892,0.0,0.018427115179918647,0.0,0.022776511791350262,0.3168029875309127,0.3117131153815456,0.3607228976561159,0.35179921484008664,0.692820323027551,0.6846531968814576,0.5064212145737218,0.6123724356957945,0.4477955262542641,0.2963502812282003,0.39404533434575695,0.07581425055034334,0.5480963870726349,0.02075750625679551,0.06461093603275259,0.019065193011792735,0.22734071362361952,0.17808917064446056,0.032258064516128906,0.009715951303087174,0.09025441751353008,0.0032595498346880344,0.0,0.06763983625309844,0.018427115179918647,0.1024893706902393
0.0,0.0,0.0,0.0,0.0,0.0,0.0,0.0,0.0,0.0,0.0,0.0,0.0,0.0,0.0,0.0,0.0,1.0,0.0,0.0,0.0,0.0,0.0,0.0,0.0,0.0,0.0,0.0,0.0,0.0,0.0,0.0,0.0,0.0,0.0,0.0,0.0,0.0,0.0,0.0,0.0,0.0,0.0,0.0,0.0,0.0,0.0,0.0,0.0,0.0,0.0,0.0,0.0,0.0,0.0,0.0,0.0,0.0,0.0,0.0,0.0,0.0,0.0,0.0,0.0,0.0,0.0,0.0,0.0,0.0,0.0,0.0,0.0,0.0,0.0,0.0,0.0,0.0,0.0,0.0
0.46770717334674267,0.5819690713431428,0.0,0.0,0.4992281505185443,0.0,0.46770717334674267,0.6803013430498075,0.7050116453778216,0.5819690713431429,0.0,0.5981452814975454,0.5879447357921312,0.46770717334674267,0.0,0.0,0.648074069840786,0.0,1.0,0.5269819360637517,0.46770717334674267,0.0,0.5439371534342413,0.5185185185185185,0.0,0.20746161481702374,0.08371386103703374,0.04413011017583714,0.031534096692985986,0.019611663800200338,0.009416999297787464,0.09077930655503319,0.041340791150870526,0.3897521286596639,0.031033560252704956,0.0037145301737917732,0.19354387703816053,0.2127368961523961,0.13305572777070052,0.06355416032951167,0.36346557892559755,0.08432634169098951,0.08455857861606333,0.12068606764940817,0.23960225685008504,0.07865168539325851,0.028773468296744705,0.34251209752800305,0.17989336203870018,0.050370141370836057,0.0,0.02877346829674472,0.0,0.13580588937558635,0.4330127018922193,0.42775206786573194,0.48795003647426666,0.4467330553459185,0.5879447357921312,0.6364688465216444,0.5998236072282915,0.65625,0.5175491695067657,0.3847382575597278,0.4731555527801876,0.002415959389030359,0.6960093862470137,0.20950369925731338,0.2764602055159957,0.05860857312256785,0.06573827785585624,0.006897123791902056,0.050370141370836036,0.10500616547532297,0.16112836325669355,0.024788313109637056,0.0,0.01798600972519842,0.02877346829674472,0.036931044648677816
0.27196414661021057,0.5102493843217866,0.0,0.0,0.6766835867607902,0.0,0.27196414661021057,0.48765984909417065,0.5587260669577023,0.6111890168254417,0.0,0.5946022149147122,0.37037037037037035,0.27196414661021057,0.0,0.0,0.42149774596577316,0.0,0.5269819360637517,1.0,0.27196414661021057,0.0,0.5915414202248992,0.37037037037037035,0.0,0.0880329610117634,0.0705060261246582,0.026144470848781437,0.07123826308789032,0.3787711428220847,0.10993937617303469,0.029711375587881686,0.29640275879578865,0.07298572045323162,0.018385542391076894,0.002200638644650192,0.09357576306225043,0.11913850724539769,0.15412564686748503,0.0005792625786419994,0.05647029422919845,0.20582841062849136,0.0787221893660966,0.20224096630184585,0.08655494824115184,0.0751248969469991,0.06088061449793083,0.23261341714765643,0.02984131894236413,0.16625877696460012,0.0,0.06088061449793085,0.0,0.012772232318470682,0.560708493046856,0.5389329091507403,0.5970607016723521,0.5464329647628495,0.35638905505532453,0.47140452079103173,0.6240351881481804,0.5860686742544748,0.6056160280272216,0.5183386383688307,0.5929716070959371,0.02433231307679344,0.6012620352104586,0.03740166243819137,0.08460996469020428,0.15329133944204104,0.03226956572857448,0.06760180674532681,0.10657613907987179,0.1440144409177616,6.472498110661473e-05,0.056563776325926164,0.0,0.024389565950584134,0.17290094517412363,0.12189980310178938
0.7071067811865476,0.3157894736842105,0.0,0.0,0.24242424242424243,0.0,0.7071067811865476,0.5656854249492381,0.49487165930539356,0.3157894736842105,0.0,0.28259708263021954,0.6666666666666667,0.7071067811865476,0.0,0.0,0.6123724356957945,0.0,0.46770717334674267,0.27196414661021057,1.0,0.0,0.253859103528797,0.6666666666666667,0.0,0.07589653250126989,0.22133048331446228,0.11946781262197878,0.07365450509352343,0.1305779987395824,0.10071732579881752,0.06665257018490278,0.11883041497219754,0.0729763792960477,0.07947194142390268,0.0856108128705123,0.09684814927482381,0.07782641028457236,0.05594144469629287,0.057589152226940554,0.05096471914376259,0.0639200625936936,0.030934411244487314,0.04415107856883482,0.014965432360392474,0.02877346829674472,0.010526315789473675,0.021393127492027895,0.018427115179918668,0.01842711517991867,0.0,0.010526315789473679,0.0,0.020747059132321145,0.19398969044771425,0.19422124881465533,0.23240556292613207,0.21815297341461362,0.6666666666666667,0.5270462766947299,0.35276684147527876,0.42426406871192857,0.29457912265490277,0.17958116639513644,0.24986989330370432,0.0433081757422822,0.4065578140908709,0.044071894219394565,0.2852011797287316,0.05369189587786722,0.024049303512194073,0.04453058431105109,0.01842711517991866,0.07138857167974817,0.05155698495756707,0.04847568546097022,0.0,0.03863861865498731,0.010526315789473679,0.22968080124247534
0.0,0.0,0.0,0.0,0.0,0.0,0.0,0.0,0.0,0.0,0.0,0.0,0.0,0.0,0.0,0.0,0.0,0.0,0.0,0.0,0.0,1.0,0.0,0.0,0.0,0.0,0.0,0.0,0.0,0.0,0.0,0.0,0.0,0.0,0.0,0.0,0.0,0.0,0.0,0.0,0.0,0.0,0.0,0.0,0.0,0.0,0.0,0.0,0.0,0.0,0.0,0.0,0.0,0.0,0.0,0.0,0.0,0.0,0.0,0.0,0.0,0.0,0.0,0.0,0.0,0.0,0.0,0.0,0.0,0.0,0.0,0.0,0.0,0.0,0.0,0.0,0.0,0.0,0.0,0.0
0.24525119397904702,0.6262327353421694,0.0,0.0,0.6457721649622657,0.0,0.253859103528797,0.43268524101826045,0.4851617505515565,0.6420892379744055,0.0,0.5844187617030241,0.33603572637267565,0.253859103528797,0.0,0.0,0.39912624295140003,0.0,0.5439371534342413,0.5915414202248992,0.253859103528797,0.0,1.0,0.3474299875570648,0.0,0.011916793105814408,0.015630148437861167,0.010709417496332526,0.039048081588824474,0.1576922707493873,0.04359995489075765,0.38355077615219846,0.04060778044464452,0.18196938717671476,0.12300910677658913,0.044170346720014714,0.10455526312263946,0.09849333061515679,0.2507675045131458,0.0027682687870489164,0.07176733292837587,0.2135367741995099,0.03420087848136663,0.029287882565854538,0.06287359187889524,0.07725711780393538,0.06749938174340812,0.0898779757614473,0.012223737288218569,0.012223737288218546,0.0,0.06749938174340818,0.0,0.12075396258388787,0.5791141096029342,0.5266046904462587,0.634570282442674,0.5637370950559557,0.3474299875570648,0.45452695038478635,0.5978735676527757,0.5687210657940687,0.5922702086041473,0.5210578663230846,0.5748160820298378,0.017784456810310656,0.5505514783613475,0.0649361936580556,0.022999557902965585,0.17054304850920046,0.049986848784840644,0.039551804830926636,0.012223737288218541,0.022402865144496978,0.04553898307132097,0.21869725105824384,0.0,0.03219453674818902,0.1559468474761499,0.1344354141001931
0.6666666666666667,0.40249223594996214,0.0,0.0,0.32282086615060496,0.0,0.6666666666666667,0.6666666666666667,0.6123724356957945,0.37947331922020555,0.0,0.38366652186501754,0.7071067811865476,0.6666666666666667,0.0,0.0,0.692820323027551,0.0,0.5185185185185185,0.37037037037037035,0.6666666666666667,0.0,0.3474299875570648,1.0,0.0,0.10790332023592802,0.15651081180865686,0.09640095947922547,0.07695980028576765,0.01428037228844619,0.050419521493793175,0.0392911589550924,0.021501850500360416,0.027135057772955048,0.11298653657320648,0.12171426878652769,0.008099445328479365,0.1106470585017626,0.2675195902007912,0.0818754234227394,0.110592813281295,0.027017242838183367,0.043979949713354276,0.06277029809622584,0.02127659574468084,0.04090770238903892,0.014965432360392479,0.030414953233623657,0.026198125853112274,0.026198125853112274,0.0,0.01496543236039248,0.0,0.19747608215798523,0.26352492627222,0.2591190360153556,0.3020079682781243,0.28646914643725635,0.7071067811865476,0.6388765649999399,0.46770717334674267,0.5454545454545454,0.38076545175639737,0.24167519817552335,0.33145630368119416,0.06157192959869592,0.5270462766947299,0.06667545554559852,0.17650092658394917,0.07633463142583852,0.03419128137749754,0.06330984751020005,0.026198125853112264,0.10149427987393866,0.10998886747854071,0.12717218744784736,0.0,0.05493314522812012,0.014965432360392484,0.01920828747471333
0.0,0.0,0.0,0.0,0.0,0.0,0.0,0.0,0.0,0.0,0.0,0.0,0.0,0.0,0.0,0.0,0.0,0.0,0.0,0.0,0.0,0.0,0.0,0.0,1.0,0.0,0.0,0.0,0.0,0.0,0.0,0.0,0.0,0.0,0.0,0.0,0.0,0.0,0.0,0.0,0.0,0.0,0.0,0.0,0.0,0.0,0.0,0.0,0.0,0.0,0.0,0.0,0.0,0.0,0.0,0.0,0.0,0.0,0.0,0.0,0.0,0.0,0.0,0.0,0.0,0.0,0.0,0.0,0.0,0.0,0.0,0.0,0.0,0.0,0.0,0.0,0.0,0.0,0.0,0.0
0.07589653250126986,0.19390234151015934,0.0,0.0,0.16720619178009619,0.0,0.07589653250126989,0.1445696552278151,0.09702969130429602,0.014208127726967293,0.0,0.1665247650909225,0.10790332023592797,0.07589653250126988,0.0,0.0,0.00212668181926505,0.0,0.20746161481702374,0.0880329610117634,0.07589653250126989,0.0,0.011916793105814408,0.10790332023592802,0.0,1.0,0.11951963963925828,0.15458392153590342,0.028875599885400588,0.05062204702036516,0.007228739203067526,0.19871723445540868,0.07072204766474048,0.03530457590143396,0.07524378525483565,0.2790418177529333,0.016185422539521176,0.1396769130012854,0.08600449733204434,0.089937374822705,0.1486104574270603,0.1414477781323114,0.013577065746296267,0.01553542310998167,0.10790332023592797,0.05500519957278965,0.14814852419491853,0.154248098620238,0.1328626438849474,0.002126681819265069,0.0,0.07589653250126989,0.0,0.10332569417841378,0.5249741834431664,0.3744404664998101,0.21376299433883877,0.6184905552536122,0.10790332023592798,0.07102515702740947,0.17676058221885546,0.08184824653501548,0.2940187766037503,0.48418371678665867,0.36277612300560874,0.03889775317632327,0.16695759711262118,0.618288989140368,0.06674801565526763,0.06174885452574394,0.0710251570274095,0.132199452491975,0.002126681819265043,0.01545922506717446,0.1549787258195356,0.08383621175689077,0.0,0.15136720788468092,0.06413681416201199,0.14635869124286294
0.07532189222743478,0.02471723953008767,0.0,0.0,0.2316075261716674,0.0,0.07300429554351373,0.0965582989984024,0.043743678128341554,0.062094528575586005,0.0,0.11218601690328187,0.054366913575638665,0.0359227486007766,0.0,0.0,0.10616154212336232,0.0,0.08371386103703374,0.0705060261246582,0.22133048331446228,0.0,0.015630148437861167,0.15651081180865686,0.0,0.11951963963925828,1.0,0.48329589801185846,0.36448355875066285,0.27090948502667744,0.2409590453073118,0.227820561664155,0.23380291013339424,0.047584022855609524,0.13123103438502462,0.13229259543099264,0.40535023521237246,0.28856358615163513,0.07781928987556619,0.02398079476802341,0.05108502471656917,0.195696163965683,0.044270729407651976,0.046335896091502515,0.05436691357563869,0.23485131826065142,0.0753218922274348,0.07300749436464567,0.0845235207988554,0.023666585823679497,0.0,0.07300429554351373,0.0,0.7195240296510795,0.07131244507973392,0.01815386276335338,0.06184309971521842,0.03627348197885025,0.001647482229564779,0.09901604515419413,0.070003220222197,0.0609488806501207,0.04866598289119364,0.09234776493760988,0.19544645508753025,0.021113732486726332,0.07779860532931167,0.0017508960667938465,0.07867621632509,0.25352098536263423,0.014296434327076158,0.10948413045909114,0.12779956344786936,0.11006133316793014,0.05113052599831164,0.06363039847986063,0.0,0.05055451357344538,0.03824034528469765,0.03817479504102975
0.08717921461603848,0.048714183795723454,0.0,0.0,0.06676014135757843,0.0,0.016144299002970108,0.17717842502889875,0.0893836420003494,0.021837392736013962,0.0,0.3294905284112649,0.12394409075900414,0.016144299002970104,0.0,0.0,0.03203006429474957,0.0,0.04413011017583714,0.026144470848781437,0.11946781262197878,0.0,0.010709417496332526,0.09640095947922547,0.0,0.15458392153590342,0.48329589801185846,1.0,0.06995634969168792,0.06059408142819194,0.1518602315160019,0.07330324023198997,0.25250076210813116,0.053379370395625056,0.07313207072755862,0.024315189496767215,0.3920207068609606,0.25447179924595603,0.08891778625921627,0.20660361804808922,0.053481328189854384,0.3089419017629294,0.14233309961437543,0.009931515777816615,0.12394409075900413,0.31899765355676557,0.016144299002970097,0.032810819449796025,0.08855370716783706,0.09232195002604288,0.0,0.016144299002970108,0.0,0.3444103903416047,0.09115464875926768,0.08474407742407983,0.011578731212814015,0.14362853564481487,0.05049574067959428,0.03688461893783382,0.09474149170739499,0.19457014958968916,0.018238896029241544,0.008125785636395384,0.19661796257712422,0.15751529690657537,0.08370595733961318,0.10274631629290418,0.0566067048471739,0.10732091966503965,0.057540005543020765,0.02005455943145862,0.028261821436543745,0.07818770043360519,0.04754701118862974,0.02090532857064783,0.0,0.07019672126126791,0.11946781262197878,0.023484225026501694
0.18191775354424455,0.03462507566582773,0.0,0.0,0.48316461344937456,0.0,0.18191775354424466,0.01983863527265331,0.11389576410547528,0.009695021186431778,0.0,0.10364280780712985,0.01640126891336032,0.011536247785732586,0.0,0.0,0.020195077835718722,0.0,0.031534096692985986,0.07123826308789032,0.07365450509352343,0.0,0.039048081588824474,0.07695980028576765,0.0,0.028875599885400588,0.36448355875066285,0.06995634969168792,1.0,0.04657299572550358,0.13334156048920465,0.05989068905187697,0.2351451334996752,0.2617031317407982,0.0066997508297338484,0.008821117864792859,0.19835232016075605,0.12549709174636833,0.1642043263062179,0.002321936631116968,0.009271387216646672,0.04179864399267971,0.028686619209011943,0.11985109817634981,0.07695980028576765,0.0017326426754387808,0.09672700066498859,0.06312293041298776,0.0699060386621033,0.11961699948848792,0.0,0.18191775354424466,0.0,0.40408904760979375,0.12742524309610714,0.07095520047170382,0.2289341301364996,0.14766255460830707,0.044157262459047004,0.1293504698872006,0.04646045620650788,0.23089936936063168,0.0660367019670899,0.03349875414866917,0.1107963073930942,0.10275025425773358,0.01828628523960452,0.02840722437862815,0.0132945939817809,0.0680803055466333,0.02635667881714119,0.08216559614052052,0.07922684381705039,0.0487779222732909,0.14345094351604518,0.09778159057117075,0.0,0.11776128789590387,0.01153624778573259,0.10592623845291375
0.1305779987395823,0.2665048251412045,0.0,0.0,0.2076800192973207,0.0,0.1305779987395824,0.06124149659896751,0.05898201623598194,0.01567675442007085,0.0,0.031060358411121383,0.12852335059601566,0.050222307207531694,0.0,0.0,0.09964035778772196,0.0,0.019611663800200338,0.3787711428220847,0.1305779987395824,0.0,0.1576922707493873,0.01428037228844619,0.0,0.05062204702036516,0.27090948502667744,0.06059408142819194,0.04657299572550358,1.0,0.04737662756991359,0.02947385253695583,0.18348695440559484,0.15962668150854434,0.037917010437416965,0.13010188032104006,0.29898909959425535,0.04266219207671967,0.1116141072774045,0.03106035841112137,0.09982306548176104,0.09066682719510451,0.05903670518258109,0.14885937430985913,0.0714018614422309,0.019611663800200314,0.05022230720753168,0.020413832199655837,0.0879179627538724,0.09964035778772207,0.0,0.1305779987395824,0.0,0.25266772530522513,0.05916154233784848,0.06335177791208674,0.08263311526188809,0.03309668008683692,0.1285233505960156,0.041307153611787086,0.06356824117061163,0.017493535146636447,0.04193697501878088,0.00842600231942598,0.06600504297793267,0.10036239881038773,0.02003043972286914,0.07578813702326746,0.09925316099605812,0.039140284224774675,0.15145956324321938,0.06299426746734661,0.1816971230246695,0.03206398835732297,0.01654135105437484,0.1072516244350041,0.0,0.05849941749430672,0.11048907585656972,0.13321909330287426
0.17164502002333687,0.16604912823074927,0.0,0.0,0.2444176987660308,0.0,0.035463847112259694,0.07207484724988399,0.08210882673483014,0.48486345443378787,0.0,0.22641480011605383,0.046385959774289706,0.10071732579881751,0.0,0.0,0.09684816580726609,0.0,0.009416999297787464,0.10993937617303469,0.10071732579881752,0.0,0.04359995489075765,0.050419521493793175,0.0,0.007228739203067526,0.2409590453073118,0.1518602315160019,0.13334156048920465,0.04737662756991359,1.0,0.09836686440033977,0.13480790449078128,0.04463344554305888,0.1606477044811893,0.06281330340131536,0.33857153045126565,0.1979348214897015,0.15557374009677916,0.12923527338964025,0.10229912344338471,0.32710051989391,0.1042200569338152,0.07258896276557444,0.04638595977428972,0.25647474558091776,0.17164502002333687,0.06630885946989318,0.017383004119252927,0.1763133274952795,0.0,0.035463847112259694,0.0,0.21547601242679718,0.07634956111917254,0.03549943217993094,0.03201787302555574,0.06777532607673792,0.050419521493793154,0.04342869150271878,0.05304934771461409,0.0785640536022484,0.01776795873918348,0.10352852066565535,0.15474063959681156,0.06586707598217115,0.01791603948788193,0.14425865927419682,0.04928654016869487,0.014949551205718017,0.04342869150271882,0.08082245820675969,0.06208215756876036,0.053002215752452515,0.041514290996654296,0.009707960356664803,0.0,0.0022069624679656105,0.10071732579881754,0.07464987287870577
0.167444261684024,0.1344740277115189,0.0,0.0,0.16246052457038807,0.0,0.14468484747454508,0.056166821819358476,0.0368206733839961,0.00761173741763313,0.0,0.043696629787712646,0.07164858397693319,0.06665257018490277,0.0,0.0,0.019921041485613487,0.0,0.09077930655503319,0.029711375587881686,0.06665257018490278,0.0,0.38355077615219846,0.0392911589550924,0.0,0.19871723445540868,0.227820561664155,0.07330324023198997,0.05989068905187697,0.02947385253695583,0.09836686440033977,1.0,0.1284642551642347,0.29563101079319065,0.18410336691998047,0.13956173696146768,0.22435679866380118,0.09641112286128369,0.10917229559724162,0.0119875710037088,0.2340567291001433,0.18436147086472726,0.09077204195039795,0.09136981913806438,0.03929115895509238,0.061577571579288254,0.06665257018490277,0.06277468320987117,0.07114657673433392,0.247590087035482,0.0,0.14468484747454508,0.0,0.3169938786938974,0.02938582476473299,0.22921167585845148,0.0675557209768847,0.09374084606744879,0.0161787125109204,0.009656783631473237,0.08885410643192826,0.12740793707132445,0.03952662762560147,0.09409727642576773,0.044867595593774706,0.09077204195039787,0.06375696399650296,0.18293935597842595,0.06477375203103317,0.13766135311206804,0.02599903285396641,0.006039129999995306,0.07114657673433387,0.17323296203794886,0.05963592788448452,0.017541756279902565,0.0,0.024679358853406896,0.16744426168402407,0.10224180372968453
0.19228921695501053,0.333833271122079,0.0,0.0,0.11912467150602786,0.0,0.015123870996461513,0.030736955538027008,0.21205362665254446,0.12476597001532244,0.0,0.26261666323656097,0.05221877978658955,0.11883041497219754,0.0,0.0,0.09455530256325928,0.0,0.041340791150870526,0.29640275879578865,0.11883041497219754,0.0,0.04060778044464452,0.021501850500360416,0.0,0.07072204766474048,0.23380291013339424,0.25250076210813116,0.2351451334996752,0.18348695440559484,0.13480790449078128,0.1284642551642347,1.0,0.10531098749005811,0.08155908717405552,0.03319124645961386,0.30986805636336817,0.08394882543167921,0.12004038029734977,0.03340525070523771,0.08533678203119961,0.06134371877093331,0.06984302957695779,0.19755423337715677,0.19966004036048948,0.0008436896153238976,0.015123870996461503,0.07464689202092267,0.09455530256325935,0.09455530256325936,0.0,0.015123870996461513,0.0,0.1780582956853965,0.024134730153465782,0.03033084241723357,0.21648180324143382,0.02491671270577407,0.05221877978658955,0.012834069325239061,0.060909054586447894,0.11965833904417658,0.0015918703824555382,0.07068454221751476,0.12209948656745556,0.2450855401518699,0.08473435122135554,0.054586793292275324,0.15219948928760355,0.15948129467185046,0.060221402218429476,0.0779043344297505,0.026475484717712605,0.028945375676570313,0.05279616012234475,0.12108944230156089,0.0,0.10690653596568533,0.19228921695501058,0.11369677847515267
0.034804119356576575,0.02277937514823125,0.0,0.0,0.12380430399603065,0.0,0.2503651166618252,0.14831333368775879,0.042381506259283164,0.11740139499473029,0.0,0.1685135273211832,0.04948157593891797,0.14258461800920086,0.0,0.0,0.060927254031330966,0.0,0.3897521286596639,0.07298572045323162,0.0729763792960477,0.0,0.18196938717671476,0.027135057772955048,0.0,0.03530457590143396,0.047584022855609524,0.053379370395625056,0.2617031317407982,0.15962668150854434,0.04463344554305888,0.29563101079319065,0.10531098749005811,1.0,0.1271445187778494,0.07203391528109492,0.40893099535336896,0.1326360681155589,0.1589282765712427,0.06222448790148285,0.14104429175009375,0.12474314724260044,0.06268851996217109,0.1855368162906395,0.2793314770745371,0.11530349812991181,0.2503651166618251,0.18025774402050665,0.24960520199932382,0.1277506939366618,0.0,0.2503651166618252,0.0,0.11863047950580204,0.0038764368247078476,0.055506735597113055,0.006867992565568491,0.00184968057618487,0.10375169148482809,0.030267536267630096,0.171173166127284,0.0035195925242264836,0.12656195205331555,0.1667005912865136,0.22870787123011993,0.032334078717330336,0.0276129783420989,0.038307428429045914,0.015388397932126652,0.05437611789107506,0.17801415398080755,0.01704470976914095,0.12775069393666177,0.0767197172109544,0.005463145571788357,0.11943039523427142,0.0,0.0022106518734490432,0.03480411935657659,0.024497245546256118
0.07947194142390264,0.0,0.0,0.0,0.1026979795322187,0.0,0.07947194142390268,3.469446951953614e-18,0.0,0.0826898230594724,0.0,0.13232695443769726,0.2259730731464129,0.07947194142390267,0.0,0.0,0.1391216687280503,0.0,0.031033560252704956,0.018385542391076894,0.07947194142390268,0.0,0.12300910677658913,0.11298653657320648,0.0,0.07524378525483565,0.13123103438502462,0.07313207072755862,0.0066997508297338484,0.037917010437416965,0.1606477044811893,0.18410336691998047,0.08155908717405552,0.1271445187778494,1.0,0.0718163847823683,0.14337009654653088,0.11251465129914406,0.03839533141153334,0.018903850633956755,0.18226193285154388,0.35215727084357606,6.938893903907228e-18,0.11111111111111127,3.469446951953614e-18,0.031033560252704952,0.07947194142390264,6.938893903907228e-18,0.04637388957601682,0.04637388957601682,0.0,0.07947194142390268,0.0,0.19911465440821635,0.08070466898086182,0.11318329168362219,0.08381981343406686,0.13093073414159556,1.3877787807814457e-17,0.10894095588038442,0.1371689870577638,0.1384091330895668,0.019518001458970674,0.1000000000000001,0.0,1.0408340855860843e-17,0.05282705437953751,0.10478551947865947,0.07599605956573491,0.2034421893187486,0.10894095588038447,0.049803453678157944,0.046373889576016805,0.052188580554747954,0.06480404150543209,0.01887859444971412,0.0,0.042783290990590236,0.07947194142390268,0.10200306013770698
