AMG,ATF,ATI,ATP,CAR,CF1,CF2,CF3,CF4,Falta,GCC,GLI,LIN,LIP,MAC,MON,NTI,OTR,OXA,PAP,PEN,POL,QUI,SUL,TTC,hoursVM,numberOfPatients_atb,numberOfPatientsMR,neighbor_CAR,neighbor_PAP,neighbor_Falta,neighbor_QUI,neighbor_ATF,neighbor_OXA,neighbor_PEN,neighbor_CF3,neighbor_GLI,neighbor_CF4,neighbor_SUL,neighbor_NTI,neighbor_LIN,neighbor_AMG,neighbor_MAC,neighbor_CF1,neighbor_GCC,neighbor_POL,neighbor_ATI,neighbor_MON,neighbor_LIP,neighbor_TTC,neighbor_OTR,neighbor_CF2,neighbor_ATP,numberOfPatients_ttl,cambio_postural,insulina,nutr_art,sedacion,relajacion,fallo_hepatico,fallo_renal,fallo_coagulacion,fallo_hemodinamico,fallo_respiratorio,fallo_multiorganico,n_transf,farm_vasoactivos,dosis_nems,hoursTraqueo,hoursConUlcera,hoursConHemo,C01 VC acceso periférico 1,C01 VC acceso periférico 2,C02 Vía central - YD,C02 Vía central - SD,C02 Vía central - SI,C02 Vía central - FD,C02 Vía central - YI,C02 Vía central - FI,numberOfCatheters
1.0,0.5126972238386084,0.0,0.0,0.41707300978991413,0.0,0.5270462766947299,0.6227452403262754,0.6880209161537815,0.5425863986500215,0.0,0.49718445552179125,0.5270462766947299,0.0,0.6388765649999399,0.0,0.7027283689263065,0.0,0.6334307917217433,0.47534300221274184,0.6388765649999399,0.0,0.44694792164233615,0.6846531968814576,0.0,0.02568789190591492,0.038590454060371426,0.05887247915757851,0.016882335469754414,0.17319834932821287,0.03038743880973066,0.04073029304356761,0.042340185820626854,0.09428252442516907,0.03417751825562126,0.1266699319357852,0.09786533713628748,0.10500298875721216,0.10571219569153521,0.018310888991105962,0.11177128964306215,0.32478942925747334,0.19660301461841825,0.19660301461841834,0.04701524481395349,0.09982798743224064,0.026688025634181094,0.30455828123495443,0.026688025634181115,0.038061076133526744,0.0,0.0266880256341811,0.0,0.087531991403902,0.36269774791559545,0.355854964663682,0.4344556532923017,0.40693979898751603,0.7027283689263065,0.6364688465216444,0.5301775074111263,0.6273643326097713,0.45865907191773914,0.3318368639606819,0.42757222667617867,0.060173550097334084,0.5477225575051661,0.07154447560375735,0.0650769101525589,0.09830951359973532,0.03806107613352676,0.013032401936024488,0.03282307143657465,0.06247513787441552,0.07616852058309738,0.007490404420157493,0.0,0.0998279874322406,0.01879314160442549,0.035076922295182965
0.5126972238386084,1.0,0.0,0.0,0.5507730658062691,0.0,0.2945791226549027,0.6520297977415274,0.6098942289606424,0.5945150551342911,0.0,0.6075694404757369,0.29457912265490277,0.0,0.38076545175639737,0.0,0.4972886485734417,0.0,0.6236730264850251,0.5914847651505893,0.39848484303963827,0.0,0.6183069605611531,0.42695628191498325,0.0,0.14350990677574982,0.16611044198243885,0.11727747599322677,0.033630615205863176,0.07250867570061725,0.21591390433305963,0.07075387610679575,0.36699214642325184,0.09766047348247843,0.15901585161743526,0.06955976102680686,0.08891970213888266,0.06003513552518484,0.10208122053176731,0.15260967131040687,0.11330458841418761,0.030587347324737356,0.05364480724951605,0.0871007085449131,0.003292191105612283,0.03744828029596681,0.05886719404433552,0.01913250053870948,0.11212798865587725,0.08395333491507628,0.0,0.058867194044335526,0.0,0.06731505874294448,0.5191379536989793,0.5251175321320094,0.523312068412995,0.5499129088891123,0.5184592558726288,0.5428101483418094,0.607943173445743,0.5796550698475775,0.499895865874118,0.47679371091053374,0.519063608991544,0.08146268285272171,0.5692750425533111,0.20868225564128612,0.14354359330538094,0.10450809783677995,0.15991111412395476,0.15861343593957716,0.07239959005859276,0.07065442782786348,0.10997597024488265,0.06917095166404393,0.0,0.03744828029596678,0.04145302948575858,0.11562539716066607
0.0,0.0,1.0,0.0,0.0,0.0,0.0,0.0,0.0,0.0,0.0,0.0,0.0,0.0,0.0,0.0,0.0,0.0,0.0,0.0,0.0,0.0,0.0,0.0,0.0,0.0,0.0,0.0,0.0,0.0,0.0,0.0,0.0,0.0,0.0,0.0,0.0,0.0,0.0,0.0,0.0,0.0,0.0,0.0,0.0,0.0,0.0,0.0,0.0,0.0,0.0,0.0,0.0,0.0,0.0,0.0,0.0,0.0,0.0,0.0,0.0,0.0,0.0,0.0,0.0,0.0,0.0,0.0,0.0,0.0,0.0,0.0,0.0,0.0,0.0,0.0,0.0,0.0,0.0,0.0
0.0,0.0,0.0,1.0,0.0,0.0,0.0,0.0,0.0,0.0,0.0,0.0,0.0,0.0,0.0,0.0,0.0,0.0,0.0,0.0,0.0,0.0,0.0,0.0,0.0,0.0,0.0,0.0,0.0,0.0,0.0,0.0,0.0,0.0,0.0,0.0,0.0,0.0,0.0,0.0,0.0,0.0,0.0,0.0,0.0,0.0,0.0,0.0,0.0,0.0,0.0,0.0,0.0,0.0,0.0,0.0,0.0,0.0,0.0,0.0,0.0,0.0,0.0,0.0,0.0,0.0,0.0,0.0,0.0,0.0,0.0,0.0,0.0,0.0,0.0,0.0,0.0,0.0,0.0,0.0
0.4170730097899141,0.550773065806269,0.0,0.0,1.0,0.0,0.21314305557934138,0.6123724356957945,0.5079842517244014,0.5441163195791121,0.0,0.5320345271333158,0.2081272222625755,0.0,0.28780628346059256,0.0,0.3897258647970253,0.0,0.5312531433592425,0.68285116554467,0.29457912265490277,0.0,0.6098539961704711,0.34483848428925906,0.0,0.25038316624735074,0.2702702833117347,0.14089705379674122,0.4355350510051442,0.08040069370081221,0.13835580457803767,0.11242966794820188,0.306830760087131,0.07930291504433339,0.1056516329112336,0.1105321894025397,0.11073167154381111,0.09539732271534913,0.11881141533264519,0.041191876168583344,0.22415092504863518,0.04860405524562121,0.08249316022568506,0.1384051910453161,0.07454707244320322,0.006491590722261512,0.0423163633028005,0.10458294520750326,0.0423163633028005,0.060349399668556146,0.0,0.0935414346693485,0.0,0.1877063182511819,0.5078436988276093,0.5374781567628827,0.5059102812107653,0.4968224919043134,0.38076545175639737,0.463584354759206,0.5674504383644443,0.4950395091420912,0.5366563145999496,0.4318610605007822,0.5295114158863218,0.061375366756954756,0.5151162999258873,0.22750304237861155,0.10762893005129533,0.18631935023366145,0.06034939966855615,0.09591308801384776,0.10774031986189234,0.018565515800941478,0.14427209148365472,0.051679830282872194,0.0,0.07248942973192035,0.06586989430086107,0.14573966609097325
0.0,0.0,0.0,0.0,0.0,1.0,0.0,0.0,0.0,0.0,0.0,0.0,0.0,0.0,0.0,0.0,0.0,0.0,0.0,0.0,0.0,0.0,0.0,0.0,0.0,0.0,0.0,0.0,0.0,0.0,0.0,0.0,0.0,0.0,0.0,0.0,0.0,0.0,0.0,0.0,0.0,0.0,0.0,0.0,0.0,0.0,0.0,0.0,0.0,0.0,0.0,0.0,0.0,0.0,0.0,0.0,0.0,0.0,0.0,0.0,0.0,0.0,0.0,0.0,0.0,0.0,0.0,0.0,0.0,0.0,0.0,0.0,0.0,0.0,0.0,0.0,0.0,0.0,0.0,0.0
0.5270462766947299,0.2945791226549027,0.0,0.0,0.2131430555793414,0.0,1.0,0.35276684147527876,0.4444444444444445,0.3011693009684171,0.0,0.262445329583912,0.7071067811865476,0.0,0.6666666666666667,0.0,0.5656854249492381,0.0,0.3642156795423418,0.25804533701889254,0.6666666666666667,0.0,0.2263769807116481,0.6123724356957945,0.0,0.06655680566237109,0.03028501033531434,0.08034744660653796,0.17920404632968462,0.11527443560063656,0.08253719749554053,0.11596569996076364,0.09787172824522199,0.13847859023698025,0.062448129530342684,0.08154432868722608,0.0858103941217471,0.06482846319261089,0.04498833266412672,0.05076505248327971,0.0438181094231043,0.05422434851756661,0.26323818496110063,0.0313953798577459,0.02067540118851548,0.025656023683189016,0.011736313170325488,0.022428871081598543,0.011736313170325495,0.01673772032542406,0.0,0.7041787902195292,0.0,0.009372594089745131,0.17525402711207247,0.17135833140637186,0.21815297341461362,0.20623549957619863,0.565685424949238,0.46770717334674267,0.31578947368421056,0.4242640687119285,0.25804533701889254,0.1580215574683314,0.22933192903347488,0.026461891118992574,0.3423265984407288,0.017495871358494185,0.02861819035160714,0.043232543877323414,0.01673772032542407,0.04329571029996061,0.014434257927953513,0.12814293540474087,0.05289347044003946,0.044545793833271875,0.0,0.025656023683189012,0.00826446280991736,0.02461501641244921
0.6227452403262754,0.6520297977415274,0.0,0.0,0.6123724356957945,0.0,0.35276684147527876,1.0,0.6803013430498075,0.6537869767367191,0.0,0.6370682695246347,0.35276684147527876,0.0,0.46770717334674267,0.0,0.5543196128553987,0.0,0.706621630679219,0.6666666666666667,0.46770717334674267,0.0,0.5658698329631666,0.5391265523477459,0.0,0.2525902311357791,0.09169337908434243,0.035777833213241794,0.21798823585799113,0.1649276812823818,0.08950413377003631,0.12245212318204865,0.058074922829012665,0.017153171836762744,0.0449133523048236,0.3714851958974438,0.024648316680321698,0.01801754798480891,0.08060259676723923,0.01980813660939915,0.04203753014946268,0.015665869767403882,0.04099118087631416,0.04235755357219134,0.03704273811257863,0.10160946695958614,0.1560437351075458,0.08882848188980264,0.04648111258522643,0.07812626108748126,0.0,0.04648111258522641,0.0,0.0004932852503785317,0.5129897840293884,0.5141337557206186,0.5963529525180838,0.5702236030016506,0.5879447357921312,0.6666666666666667,0.65625,0.6901959941907627,0.6666666666666667,0.4710086075302944,0.6221511070471547,0.0981470307944167,0.7066862597213516,0.16776810021794217,0.06623823961658702,0.102753627857451,0.0781262610874813,0.038585774439346854,0.05716619504750288,0.042776014508666096,0.007571932418417822,0.011280746421653184,0.0,0.10160946695958611,0.03273101362832256,0.09748660695652836
0.6880209161537815,0.6098942289606424,0.0,0.0,0.5079842517244013,0.0,0.4444444444444445,0.6803013430498075,1.0,0.5914847651505893,0.0,0.5766293937408563,0.4444444444444444,0.0,0.5059644256269408,0.0,0.6666666666666667,0.0,0.6179127920272507,0.5879447357921312,0.5656854249492381,0.0,0.4902786083999539,0.5697086922186474,0.0,0.04548307950671798,0.008745460560187272,0.0027098396324469294,0.04662459172655637,0.012750373205929236,0.022190004382029848,0.01923806012012631,0.07303784531345739,0.0393971790480807,0.04086660445869292,0.19055715117643166,0.07405297778306473,0.23944952242405015,0.035504815956158384,0.007651443112182464,0.04302419517587948,0.10673957457526345,0.015833982507343528,0.09148523226465179,0.060247523312877665,0.05191730121418345,0.03419927840283843,0.06535708405603899,0.03419927840283845,0.04877323473996474,0.0,0.03419927840283844,0.0,0.0660556462227005,0.4257122920714157,0.4124269898392609,0.5159493228057419,0.4560229205001,0.6666666666666667,0.6568161138457304,0.6271072804493146,0.7058823529411765,0.5367176572662755,0.3843386909340281,0.4794813125408359,0.07710918823572306,0.64361108321109,0.24510229697021652,0.08339258206697073,0.037821021827637,0.04877323473996474,0.05241602120869213,0.04206101168675354,0.08999021430351758,0.003204911712006751,0.04267783930644692,0.0,0.07476091374842406,0.024082406492091722,0.0011954574759591166
0.5425863986500215,0.5945150551342911,0.0,0.0,0.544116319579112,0.0,0.3011693009684171,0.6537869767367191,0.5914847651505893,1.0,0.0,0.6203916628080827,0.3011693009684171,0.0,0.3876376661011099,0.0,0.5270462766947299,0.0,0.5768922172514477,0.6521864934374387,0.3876376661011099,0.0,0.5996872716945344,0.40947117025519264,0.0,0.13999712065087638,0.00651191052403194,0.0949417456534894,0.03990316527461575,0.10200858167437914,0.5322097381899596,0.053129946956291335,0.02751807764116272,0.09020112730603473,0.02113775583210132,0.051067644716866985,0.07234135840826791,0.022159423582831857,0.22643728242160452,0.012789857265221968,0.06959766351759525,0.04439470488181048,0.08116692210021902,0.009410657634807995,0.001678457280230733,0.04026729286863807,0.057166195047502866,0.1092483815264789,0.1171906998473809,0.08152745848611397,0.0,0.057166195047502866,0.0,0.006794835145081842,0.5462910219956071,0.5339161053156077,0.5577733510227171,0.5550283241428489,0.4811252243246881,0.572001657741368,0.6679290181964582,0.5826639806638406,0.60380736442456,0.4762137271109358,0.5727026612409094,0.002148212428497773,0.6146889990862595,0.08432528721513717,0.0152068172235619,0.05974081768427143,0.08152745848611398,0.0147463930510451,0.07265115076346305,0.03907379929076575,0.21575324929053838,0.01372244325449984,0.0,0.12496746062680766,0.04025522207000431,0.12389339842422432
0.0,0.0,0.0,0.0,0.0,0.0,0.0,0.0,0.0,0.0,1.0,0.0,0.0,0.0,0.0,0.0,0.0,0.0,0.0,0.0,0.0,0.0,0.0,0.0,0.0,0.0,0.0,0.0,0.0,0.0,0.0,0.0,0.0,0.0,0.0,0.0,0.0,0.0,0.0,0.0,0.0,0.0,0.0,0.0,0.0,0.0,0.0,0.0,0.0,0.0,0.0,0.0,0.0,0.0,0.0,0.0,0.0,0.0,0.0,0.0,0.0,0.0,0.0,0.0,0.0,0.0,0.0,0.0,0.0,0.0,0.0,0.0,0.0,0.0,0.0,0.0,0.0,0.0,0.0,0.0
0.49718445552179125,0.6075694404757369,0.0,0.0,0.5320345271333157,0.0,0.2624453295839119,0.6370682695246348,0.5766293937408563,0.6203916628080827,0.0,1.0,0.2528986475794639,0.0,0.3583553394970091,0.0,0.44245205535550236,0.0,0.6623820649745884,0.6104130217319458,0.35835533949700915,0.0,0.538170117337736,0.42426406871192857,0.0,0.09439298404636211,0.18388043540909094,0.21490621021186374,0.06727971487666272,0.10761970440149748,0.010670614670803616,0.1109729654017648,0.18509326532447232,0.16497747924988332,0.08574824800265157,0.029211627768371932,0.5812049295401335,0.16921172105385202,0.08386965894029433,0.1661488268031784,0.045930141010941145,0.2017164728975916,0.12011766258045137,0.07186078503721334,0.029937235023021695,0.07491714336806829,0.06882472016116832,0.046626538785483555,0.06882472016116836,0.012723697975463459,0.0,0.06882472016116835,0.0,0.1818380062440805,0.5108985488309746,0.5201765671341291,0.5426334975562318,0.570544330734548,0.4585464481243339,0.518927325257439,0.6613118276073198,0.5590169943749475,0.6251238795337575,0.501632008337805,0.6044859834428045,0.07727032509916051,0.6096885406648839,0.1568830859201121,0.16782433408887848,0.15352490540669247,0.012723697975463466,0.12256695658141567,0.04284558371881949,0.050276749631937206,0.02873140628158933,0.06339570544055784,0.0,0.07491714336806825,0.04846490818028935,0.11654821426783447
0.5270462766947299,0.2945791226549027,0.0,0.0,0.2081272222625755,0.0,0.7071067811865476,0.35276684147527876,0.4444444444444444,0.3011693009684171,0.0,0.2528986475794639,1.0,0.0,0.6666666666666667,0.0,0.5656854249492381,0.0,0.3642156795423418,0.25804533701889254,0.6666666666666667,0.0,0.2263769807116481,0.6123724356957945,0.0,0.06655680566237107,0.0362874448161874,0.0803474466065379,0.02304052024238802,0.11527443560063652,0.03733825600988736,0.02411168018986174,0.09628031802985246,0.13847859023698014,0.062448129530342705,0.08154432868722608,0.07524911484522437,0.07392719486876682,0.0449883326641267,0.050765052483279706,0.18860838403857924,0.05422434851756658,0.03139537985774591,0.03139537985774592,0.02067540118851548,0.025656023683189016,0.011736313170325492,0.02242887108159854,0.011736313170325495,0.016737720325424057,0.0,0.011736313170325493,0.0,0.00937259408974513,0.17525402711207244,0.17135833140637186,0.2181529734146136,0.2017022976610065,0.565685424949238,0.46770717334674267,0.31578947368421056,0.42426406871192857,0.24898827633695814,0.15802155746833138,0.2230476666179601,0.026461891118992546,0.32021721143623744,0.08365328895947517,0.02861819035160714,0.04323254387732341,0.01673772032542406,0.04329571029996062,0.014434257927953517,0.06637827915145983,0.05289347044003943,0.19465305835335242,0.0,0.02565602368318901,0.008264462809917356,0.024615016412449214
0.0,0.0,0.0,0.0,0.0,0.0,0.0,0.0,0.0,0.0,0.0,0.0,0.0,1.0,0.0,0.0,0.0,0.0,0.0,0.0,0.0,0.0,0.0,0.0,0.0,0.0,0.0,0.0,0.0,0.0,0.0,0.0,0.0,0.0,0.0,0.0,0.0,0.0,0.0,0.0,0.0,0.0,0.0,0.0,0.0,0.0,0.0,0.0,0.0,0.0,0.0,0.0,0.0,0.0,0.0,0.0,0.0,0.0,0.0,0.0,0.0,0.0,0.0,0.0,0.0,0.0,0.0,0.0,0.0,0.0,0.0,0.0,0.0,0.0,0.0,0.0,0.0,0.0,0.0,0.0
0.6388765649999399,0.38076545175639737,0.0,0.0,0.2878062834605926,0.0,0.6666666666666667,0.46770717334674267,0.5059644256269407,0.3876376661011099,0.0,0.3583553394970091,0.6666666666666667,0.0,1.0,0.0,0.6666666666666667,0.0,0.4475447422284127,0.35276684147527876,0.7071067811865476,0.0,0.31193654001529336,0.5366563145999496,0.0,0.08150959615835338,0.01937277398426891,0.014790859778728769,0.03271970210179865,0.16370052208573205,0.05302382935766494,0.06522066629006676,0.13672709170896305,0.05469036815612463,0.0030061765224870486,0.11580060322720637,0.12185881670050766,0.19058553607026454,0.2608745973749753,0.0720911410402655,0.06222582962125825,0.02293726227673204,0.3738229390280766,0.04458438722353203,0.029361010975735055,0.0364339625667945,0.01666666666666663,0.03185110286353017,0.01666666666666664,0.023769134427076396,0.0,0.016666666666666635,0.0,0.005571612684052945,0.24794443415576675,0.23496324101699875,0.293911142784937,0.27931594116618114,0.5443310539518174,0.5879447357921312,0.42426406871192857,0.5454545454545454,0.3408051468921034,0.21772622746606257,0.307366903195129,0.03757836999143773,0.4556450995538137,0.11357661651071183,0.04064051736446833,0.11045607036325866,0.023769134427076403,0.061483973816455026,0.020498001542269648,0.09426338889128719,0.23158860622116542,0.10658320486568754,0.0,0.03643396256679448,0.011736313170325492,0.10719727912846941
0.0,0.0,0.0,0.0,0.0,0.0,0.0,0.0,0.0,0.0,0.0,0.0,0.0,0.0,0.0,1.0,0.0,0.0,0.0,0.0,0.0,0.0,0.0,0.0,0.0,0.0,0.0,0.0,0.0,0.0,0.0,0.0,0.0,0.0,0.0,0.0,0.0,0.0,0.0,0.0,0.0,0.0,0.0,0.0,0.0,0.0,0.0,0.0,0.0,0.0,0.0,0.0,0.0,0.0,0.0,0.0,0.0,0.0,0.0,0.0,0.0,0.0,0.0,0.0,0.0,0.0,0.0,0.0,0.0,0.0,0.0,0.0,0.0,0.0,0.0,0.0,0.0,0.0,0.0,0.0
0.7027283689263065,0.4972886485734417,0.0,0.0,0.3897258647970253,0.0,0.5656854249492381,0.5543196128553987,0.6666666666666667,0.5270462766947299,0.0,0.44245205535550236,0.565685424949238,0.0,0.6666666666666667,0.0,1.0,0.0,0.5998846486579748,0.45285552331841994,0.6666666666666667,0.0,0.4092628968580582,0.6998542122237652,0.0,0.06229676094671315,0.061335145998453175,0.06704864605535393,0.11147305633292182,0.06478242248407327,0.16715962790308245,0.08429423390566984,0.1458419297604032,0.02323301869272662,0.06966785852765263,0.034316635073379884,0.11162582894113046,0.009213667579750253,0.024676507303162634,0.32970950499729906,0.08874324654624247,0.10981862961815765,0.06358393759589771,0.06358393759589773,0.1709820251152929,0.05196022523767257,0.0237691344270764,0.045424388736833354,0.023769134427076406,0.03389830508474573,0.0,0.023769134427076403,0.0,0.007945944651771506,0.318256515772401,0.317736755245647,0.3778224611789243,0.3627365834401351,0.7071067811865476,0.6803013430498075,0.5200705032248686,0.6527139518645054,0.45285552331841994,0.304343555870664,0.4135214625627066,0.05359231967261393,0.5453617596598211,0.0037979335150366994,0.05795939522531893,0.0875573216334069,0.22457627118644055,0.03643010941828777,0.029233185248677625,0.06254487231298399,0.10712324994724226,0.03089321587288872,0.0,0.05196022523767254,0.01673772032542406,0.049851910522593065
0.0,0.0,0.0,0.0,0.0,0.0,0.0,0.0,0.0,0.0,0.0,0.0,0.0,0.0,0.0,0.0,0.0,1.0,0.0,0.0,0.0,0.0,0.0,0.0,0.0,0.0,0.0,0.0,0.0,0.0,0.0,0.0,0.0,0.0,0.0,0.0,0.0,0.0,0.0,0.0,0.0,0.0,0.0,0.0,0.0,0.0,0.0,0.0,0.0,0.0,0.0,0.0,0.0,0.0,0.0,0.0,0.0,0.0,0.0,0.0,0.0,0.0,0.0,0.0,0.0,0.0,0.0,0.0,0.0,0.0,0.0,0.0,0.0,0.0,0.0,0.0,0.0,0.0,0.0,0.0
0.6334307917217433,0.6236730264850251,0.0,0.0,0.5312531433592425,0.0,0.36421567954234174,0.706621630679219,0.6179127920272507,0.5768922172514477,0.0,0.6623820649745885,0.3642156795423418,0.0,0.4475447422284127,0.0,0.5998846486579748,0.0,1.0,0.5904007146625084,0.48074017006186526,0.0,0.6077894372231225,0.4780330793993236,0.0,0.19061013821246364,0.008052558364409546,0.013043896214712698,0.06471033364710804,0.007583607595908508,0.10681226693177312,0.07213638920577901,0.05975758380342719,0.5260581410612716,0.04855957035718611,0.08324594286803805,0.20831860558604778,0.15919673051710495,0.02957945555284349,0.06803403711738257,0.24105794833434716,0.12372865992264691,0.05292872265349312,0.11926605504587129,0.16715468101103645,0.09746315370993847,0.16461927590227218,0.029025441105817434,0.16461927590227227,0.06358393759589777,0.0,0.04458438722353204,0.0,0.05114635146266257,0.49260618074485935,0.4715258327335052,0.5219575317574423,0.5136618111863777,0.5634935082580562,0.6399218702310462,0.60109664474893,0.662962411096906,0.572230169840403,0.43335704531118147,0.542556119624635,0.056706137194466516,0.6529815002357615,0.11533221119376355,0.07678539393455497,0.022784164347415793,0.06358393759589778,0.021208024253105154,0.054833450284146566,0.13847511695878165,0.114623059347998,0.040472628575116056,0.0,0.004165092038886271,0.03139537985774593,0.09350853264729271
0.47534300221274184,0.5914847651505893,0.0,0.0,0.68285116554467,0.0,0.2580453370188925,0.6666666666666669,0.5879447357921312,0.6521864934374386,0.0,0.6104130217319457,0.2580453370188925,0.0,0.35276684147527876,0.0,0.45285552331841994,0.0,0.5904007146625084,1.0,0.35276684147527876,0.0,0.6080270218943102,0.4181123031230877,0.0,0.0326849912053046,0.003743988137937441,0.06252938164098315,0.07931719756904324,0.41305916487930006,0.007163068300787639,0.08468692526361979,0.00477705146209815,0.026002037906484927,0.04039588880794764,0.018619440715574993,0.106430016047921,0.08681416879500242,0.1720212772031387,0.16739845409397774,0.06372357619007105,0.15732702966358011,0.06420869120249807,0.1905548255041877,0.03398679949503111,0.07945842152723473,0.07045948486252357,0.20060509947542976,0.08304153573083146,0.10048565804159283,0.0,0.07045948486252358,0.0,0.023554377574312436,0.5525151561900925,0.5166735820296865,0.5724526312823448,0.5968941533656267,0.4375,0.5323801005189539,0.64361108321109,0.5901286563843655,0.5824823725107175,0.5291352087937946,0.6075694404757369,0.08195424688192929,0.6080943690073719,0.018351035750779895,0.03235394322988045,0.013391882165634333,0.10048565804159286,0.05543096789136104,0.08665671776277217,0.0996708601618381,0.0860116958855753,0.05666728521574943,0.0,0.004889749017060583,0.16656825114780086,0.15270327198765637
0.6388765649999399,0.39848484303963827,0.0,0.0,0.29457912265490277,0.0,0.6666666666666667,0.46770717334674267,0.565685424949238,0.3876376661011099,0.0,0.35835533949700915,0.6666666666666667,0.0,0.7071067811865476,0.0,0.6666666666666667,0.0,0.48074017006186526,0.35276684147527876,1.0,0.0,0.3119365400152933,0.692820323027551,0.0,0.043681832516759125,0.01937277398426891,0.0792367488146184,0.18904716769928118,0.05913788494196608,0.03209337040069196,0.06522066629006679,0.07005850980128682,0.08727186407892236,0.2720589752850769,0.024062463008250677,0.12185881670050772,0.10498355800480681,0.06388765649999396,0.07209114104026548,0.06222582962125826,0.022937262276732102,0.044584387223532036,0.04458438722353205,0.029361010975735083,0.03643396256679453,0.01666666666666664,0.03185110286353019,0.01666666666666665,0.0237691344270764,0.0,0.016666666666666642,0.0,0.024453189002232388,0.24794443415576678,0.24242424242424246,0.3011693009684171,0.2854554864893349,0.6666666666666667,0.5879447357921312,0.42426406871192857,0.5454545454545454,0.35276684147527876,0.22353327915593196,0.3157894736842105,0.03757836999143776,0.4556450995538137,0.06127481927653633,0.1847296243839469,0.06139427156538679,0.023769134427076406,0.11257279172588168,0.020498001542269658,0.09426338889128723,0.07511369438370849,0.063259209808612,0.0,0.0364339625667945,0.011736313170325495,0.1771085481252972
0.0,0.0,0.0,0.0,0.0,0.0,0.0,0.0,0.0,0.0,0.0,0.0,0.0,0.0,0.0,0.0,0.0,0.0,0.0,0.0,0.0,1.0,0.0,0.0,0.0,0.0,0.0,0.0,0.0,0.0,0.0,0.0,0.0,0.0,0.0,0.0,0.0,0.0,0.0,0.0,0.0,0.0,0.0,0.0,0.0,0.0,0.0,0.0,0.0,0.0,0.0,0.0,0.0,0.0,0.0,0.0,0.0,0.0,0.0,0.0,0.0,0.0,0.0,0.0,0.0,0.0,0.0,0.0,0.0,0.0,0.0,0.0,0.0,0.0,0.0,0.0,0.0,0.0,0.0,0.0
0.44694792164233615,0.6183069605611531,0.0,0.0,0.6098539961704711,0.0,0.2263769807116481,0.5658698329631666,0.4902786083999539,0.5996872716945344,0.0,0.538170117337736,0.2263769807116481,0.0,0.31193654001529336,0.0,0.40926289685805833,0.0,0.6077894372231225,0.6080270218943102,0.3119365400152933,0.0,1.0,0.3724916106437835,0.0,0.013265532348093287,0.07401321810435521,0.06683380119726305,0.12377959444835936,0.18881769207996552,0.011178429350149437,0.4634852424718656,0.06289839336335107,0.19109976099219603,0.07868446447189446,0.041752400935915104,0.16702005213912247,0.08945767437578532,0.032355915202415785,0.05047386207539567,0.0444687704202503,0.10341774057262842,0.11226725292524635,0.061107492098551826,0.1500507013703844,0.08666842350121562,0.05524911066193558,0.0672474022960254,0.0552491106619356,0.02133988249737452,0.0,0.085175712270484,0.0,0.0467297949723788,0.5182456641918198,0.4935847362419366,0.6079210695853648,0.5710816663762484,0.41962562278256715,0.44112417008537247,0.600225352120622,0.4963083905948332,0.5826813227624703,0.5033402599854638,0.5551228152335785,0.1920458657990699,0.53309882380279,0.018116456986730978,0.14543760130680258,0.07639358463188071,0.07879341229799819,0.049598726695280815,0.010381216592609377,0.09058512215462926,0.042807431024637056,0.13748625997275493,0.0,0.018451986938968434,0.13778943383596987,0.05697239770050094
0.6846531968814576,0.42695628191498325,0.0,0.0,0.34483848428925906,0.0,0.6123724356957945,0.5391265523477459,0.5697086922186474,0.40947117025519264,0.0,0.42426406871192857,0.6123724356957945,0.0,0.5366563145999496,0.0,0.6998542122237652,0.0,0.4780330793993236,0.4181123031230877,0.692820323027551,0.0,0.3724916106437836,1.0,0.0,0.10557950980213265,0.11103004102172127,0.12387193862140147,0.05067424253542075,0.07273250740481936,0.06521295215702778,0.08021359909209877,0.05512615277185539,0.06726259504869253,0.033891336046850865,0.067202915025098,0.05610582816142476,0.04833617808442186,0.32084447395987425,0.03566920772962556,0.058784150462534684,0.06918186837851663,0.11669683009190189,0.05483345028414666,0.036110522895792946,0.04480940525310903,0.020498001542269675,0.03917303733717804,0.02049800154226969,0.029233185248677677,0.0,0.020498001542269682,0.0,0.09377657540409777,0.28943177426316724,0.28361139945377256,0.33419796381704275,0.32775276505317236,0.5914847651505893,0.648074069840786,0.4948716593053935,0.6123724356957945,0.4043999554363226,0.2598383288807084,0.36705473181706094,0.04621688916242837,0.5270462766947299,0.13326570432072068,0.13480253726869176,0.07550759239402945,0.02923318524867769,0.07561791540687399,0.025210084033613415,0.11593266545239064,0.1590905318332851,0.2007131634217469,0.0,0.04480940525310903,0.014434257927953546,0.07356278671890927
0.0,0.0,0.0,0.0,0.0,0.0,0.0,0.0,0.0,0.0,0.0,0.0,0.0,0.0,0.0,0.0,0.0,0.0,0.0,0.0,0.0,0.0,0.0,0.0,1.0,0.0,0.0,0.0,0.0,0.0,0.0,0.0,0.0,0.0,0.0,0.0,0.0,0.0,0.0,0.0,0.0,0.0,0.0,0.0,0.0,0.0,0.0,0.0,0.0,0.0,0.0,0.0,0.0,0.0,0.0,0.0,0.0,0.0,0.0,0.0,0.0,0.0,0.0,0.0,0.0,0.0,0.0,0.0,0.0,0.0,0.0,0.0,0.0,0.0,0.0,0.0,0.0,0.0,0.0,0.0
0.02568789190591492,0.14350990677574982,0.0,0.0,0.25038316624735074,0.0,0.06655680566237109,0.2525902311357791,0.04548307950671798,0.13999712065087638,0.0,0.09439298404636211,0.06655680566237107,0.0,0.08150959615835338,0.0,0.06229676094671315,0.0,0.19061013821246364,0.0326849912053046,0.043681832516759125,0.0,0.013265532348093287,0.10557950980213265,0.0,1.0,0.04811698947799842,0.009375802866647902,0.003424632530887272,0.0909337626949914,0.11390180113479047,0.10186381784177524,0.006986774644860553,0.027346315183866134,0.11090929454917718,0.22140737495969762,0.16964770885289776,0.06048841705695524,0.004985050313813099,0.03779759321649373,0.0509204924419262,0.0834714040726817,0.019983807211174605,0.025336945034100854,0.08535362987161457,0.12905765459147214,0.043681832516759105,0.029709819604122917,0.09451691329927969,0.09925262790292921,0.0,0.04368183251675911,0.0,0.007948372432568669,0.4162446675903157,0.19033143694259758,0.22433282445635355,0.5062539197832807,0.13479511307057437,0.02970981960412295,0.057166909947443084,0.07234746268210845,0.3539172042944778,0.5046354979433504,0.2776722257677383,0.05521296193055075,0.22067813862685273,0.5853758594253672,0.01460928771680288,0.11456616626925417,0.0362491760619307,0.2575530138521786,0.11037937831539958,0.12934235545778688,0.1688796089024812,0.06409752382339101,0.0,0.20661754086449524,0.06655680566237109,0.19459648832220897
0.038590454060371426,0.16611044198243885,0.0,0.0,0.2702702833117347,0.0,0.03028501033531434,0.09169337908434243,0.008745460560187272,0.00651191052403194,0.0,0.18388043540909094,0.0362874448161874,0.0,0.01937277398426891,0.0,0.061335145998453175,0.0,0.008052558364409546,0.003743988137937441,0.01937277398426891,0.0,0.07401321810435521,0.11103004102172127,0.0,0.04811698947799842,1.0,0.3453707355726178,0.5071816311064239,0.13666287659644533,0.2357629021541593,0.4444379636468084,0.34320347589017125,0.06192012714066862,0.21605125199734485,0.2087566050838865,0.32892054997338693,0.2833709580651144,0.09938579471964717,0.03958653874858617,0.11566385062025153,0.23344051035085026,0.03723311639781442,0.1345016431758307,0.17405409425226187,0.15857578184479132,0.14607071584138753,0.07267017891898062,0.019372773984268912,0.12405171420407884,0.0,0.05153157879815528,0.0,0.6811365843224887,0.051020693087421416,0.15162194529782758,0.0728409013105134,0.15586236142948415,0.006078257711558437,0.09509532874550748,0.09836050305491258,0.009316915372483291,0.13220958112091552,0.18486370892969836,0.047681424495277284,0.03775879166167839,0.10375515597563524,0.14343784076452226,0.06295693479835704,0.1878634378369899,0.09504184785345904,0.14007816327112263,0.0827562966699809,0.008580156207878015,0.132286503091729,0.07266667378072911,0.0,0.02512743842881853,0.0030012172404365453,0.010889176714360963
0.05887247915757851,0.11727747599322677,0.0,0.0,0.14089705379674122,0.0,0.08034744660653796,0.035777833213241794,0.0027098396324469294,0.0949417456534894,0.0,0.21490621021186374,0.0803474466065379,0.0,0.014790859778728769,0.0,0.06704864605535393,0.0,0.013043896214712698,0.06252938164098315,0.0792367488146184,0.0,0.06683380119726305,0.12387193862140147,0.0,0.009375802866647902,0.3453707355726178,1.0,0.1414985003974962,0.17178893899970082,0.1657577006138249,0.28257932584239287,0.130077351160092,0.12952515930340872,0.008956306990577064,0.04842843596604364,0.22531939038419813,0.30653238290441487,0.1491676389451026,0.006303191872404711,0.11799074201248191,0.18507079014390326,0.03956648518462862,0.013478692755203171,0.011787453328246444,0.18681507225642277,0.2429926963648299,0.0282663117751406,0.0792367488146184,0.07081542392363233,0.0,0.014790859778728762,0.0,0.21080992198186727,0.04910121737066207,0.12034970643754768,0.06258614443177916,0.048102260805987174,0.02486073393063683,0.06345498561766261,0.07073912594785452,0.06364029934010015,0.14037208123486006,0.07224799519632655,0.16384218240366855,0.13021984258010502,0.06781746855735793,0.05786451591472531,0.09321080301887999,0.0270750143118193,0.02486073393063685,0.05341780725775426,0.07103146130737692,0.014584662458566657,0.046447176342895094,0.14893971832864247,0.0,0.030280465008595964,0.10117826609712179,0.13915328651961958
0.016882335469754414,0.033630615205863176,0.0,0.0,0.4355350510051442,0.0,0.17920404632968462,0.21798823585799113,0.04662459172655637,0.03990316527461575,0.0,0.06727971487666272,0.02304052024238802,0.0,0.03271970210179865,0.0,0.11147305633292182,0.0,0.06471033364710804,0.07931719756904324,0.18904716769928118,0.0,0.12377959444835936,0.05067424253542075,0.0,0.003424632530887272,0.5071816311064239,0.1414985003974962,1.0,0.15760222837190535,0.16512214319773302,0.1388878835706252,0.3329987756561682,0.2951962156301832,0.005901672016871832,0.05281582335664484,0.1082673858357048,0.24908376775973934,0.05458227731505934,0.07347528489579327,0.21215820685913747,0.08863052209710658,0.04189339519350345,0.16345905088893758,0.18786700191770014,0.09845932353737524,0.03271970210179865,0.15334619360395862,0.03271970210179868,0.12573123795690017,0.0,0.25448657190287843,0.0,0.3515043136064198,0.02816063585180758,0.10029937038068189,0.10202900136525636,0.04783996323657146,0.0071290908119891905,0.028287161926943825,0.026034517054708155,0.07152650409441613,0.02909212090767673,0.12240238161247428,0.06756522796436493,0.004326205251894308,0.09805712279078989,0.008572869834658846,0.09227628706275737,0.28478253030600614,0.007129090811989198,0.13550267207143846,0.1311568630328535,0.0001230328991267647,0.017404290099320735,0.09117525634186485,0.0,0.06313759312037961,0.023040520242388025,0.06862427685404772
0.17319834932821287,0.07250867570061725,0.0,0.0,0.08040069370081221,0.0,0.11527443560063656,0.1649276812823818,0.012750373205929236,0.10200858167437914,0.0,0.10761970440149748,0.11527443560063652,0.0,0.16370052208573205,0.0,0.06478242248407327,0.0,0.007583607595908508,0.41305916487930006,0.05913788494196608,0.0,0.18881769207996552,0.07273250740481936,0.0,0.0909337626949914,0.13666287659644533,0.17178893899970082,0.15760222837190535,1.0,0.030567860251889102,0.09592221791699974,0.011098659320341023,0.09065537723714652,0.06253180318842672,0.08916970943635813,0.24979225039446187,0.2002502600551512,0.07392093024734024,0.05305177828282832,0.03408606685736443,0.1687572508287194,0.007583607595908513,0.09999780248558432,0.07348023796347034,0.053085025023673835,0.059137884941966055,0.11535629567877796,0.006856566370083027,0.0470589295403174,0.0,0.11141920351384907,0.0,0.23629610494367023,0.01991652552262306,0.029202708454910326,0.03361656996104765,0.07500018735230467,0.06478242248407326,0.08680970729579444,0.0033756862991878157,0.07390268189570282,0.20782362744240462,0.027172023182072996,0.15486972917925507,0.0238334193831392,0.27325961978282076,0.09158161923326993,0.028308754287937093,0.03661752985879478,0.08433938021511425,0.044090141975119464,0.0727325074048193,0.04909279163966541,0.09031414660739212,0.005087479553222701,0.0,0.04850514051182745,0.17924872970360767,0.03679020888982452
0.03038743880973066,0.21591390433305963,0.0,0.0,0.13835580457803767,0.0,0.08253719749554053,0.08950413377003631,0.022190004382029848,0.5322097381899596,0.0,0.010670614670803616,0.03733825600988736,0.0,0.05302382935766494,0.0,0.16715962790308245,0.0,0.10681226693177312,0.007163068300787639,0.03209337040069196,0.0,0.011178429350149437,0.06521295215702778,0.0,0.11390180113479047,0.2357629021541593,0.1657577006138249,0.16512214319773302,0.030567860251889102,1.0,0.1908407673545088,0.17671964097544288,0.12313990260649879,0.009563939456842264,0.0002518191971989407,0.26321789122631284,0.18552429288073277,0.14887470757497523,0.07534097132014853,0.11506554919291867,0.19477832739120662,0.10336670993397393,0.06833688045634943,0.15650270948814127,0.2813071258931883,0.1172105701590488,0.008380845958187295,0.053023829357664976,0.01492496677706092,0.0,0.05302382935766495,0.0,0.14351592932123483,0.02161688505835583,0.08799151806309158,0.07964135616647652,0.17957685154922282,0.075619831670442,0.10133204658535587,0.10342142955896587,0.11591209283791619,0.018539706190273897,0.171101278396558,0.01864806931089983,0.055581632174818575,0.022122767324088438,0.004527506155717938,0.09712587263118785,0.031375229266988124,0.1064647630097013,0.058298747773000203,0.0652129521570276,0.017867839200088387,0.07646221924797687,0.0815063225302509,0.0,0.04948294021735597,0.037338256009887376,0.015998472746956878
0.04073029304356761,0.07075387610679575,0.0,0.0,0.11242966794820188,0.0,0.11596569996076364,0.12245212318204865,0.01923806012012631,0.053129946956291335,0.0,0.1109729654017648,0.02411168018986174,0.0,0.06522066629006676,0.0,0.08429423390566984,0.0,0.07213638920577901,0.08468692526361979,0.06522066629006679,0.0,0.4634852424718656,0.08021359909209877,0.0,0.10186381784177524,0.4444379636468084,0.28257932584239287,0.1388878835706252,0.09592221791699974,0.1908407673545088,1.0,0.25856867972103836,0.13319114149232117,0.020733856383963484,0.15713315823156684,0.2671348685257723,0.14821332810497798,0.09948224315079261,0.00024319821994435117,0.030967433347632068,0.33419203468333236,0.07213638920577894,0.03120318230761602,0.0019149446987874173,0.09901030475807047,0.03424084980228501,0.06543652975123626,0.0652206662900668,0.11975594610046889,0.0,0.11495142433624267,0.0,0.42264621311336953,0.03788978315549703,0.03835028623232052,0.05689625078026884,0.18967125185924077,0.013370809516071759,0.06543652975123632,0.06772295937636469,0.0023762473141936977,0.09970408352257563,0.02819610273604014,0.022244695476997152,0.1345945075640809,0.09930563675940288,0.1270347829088885,0.004698793782475588,0.01665502956278315,0.022090902678727275,0.033839174799351765,0.0394383528869485,0.053711687889279734,0.01298920023624194,0.05902622945313128,0.0,0.021782267046775515,0.09415037026517446,0.030093752998037588
0.042340185820626854,0.36699214642325184,0.0,0.0,0.306830760087131,0.0,0.09787172824522199,0.058074922829012665,0.07303784531345739,0.02751807764116272,0.0,0.18509326532447232,0.09628031802985246,0.0,0.13672709170896305,0.0,0.1458419297604032,0.0,0.05975758380342719,0.00477705146209815,0.07005850980128682,0.0,0.06289839336335107,0.05512615277185539,0.0,0.006986774644860553,0.34320347589017125,0.130077351160092,0.3329987756561682,0.011098659320341023,0.17671964097544288,0.25856867972103836,1.0,0.1577052819761881,0.055743247407428774,0.020290541116985115,0.37940966659048836,0.17991441057925298,0.0837421588796751,0.05679815893412806,0.08529356532549395,0.005220737520232899,0.003022757157371782,0.11649241044948253,0.24086673842083245,0.03101435816829693,0.06779855787221314,0.03547682381292714,0.20565562554571312,0.047539634562783366,0.0,0.07005850980128682,0.0,0.2781689182106948,0.06126929329172427,0.1669348361789283,0.21762956723111743,0.029590090125007584,0.0016115130360265485,0.0021594588407868784,0.045719381646423404,0.0024701701195988415,0.03685153985047135,0.006809527070283049,0.06323687616095965,0.04925667965708669,0.0299314585085491,0.03432189019918101,0.03331490966448926,0.12369766870271978,0.05076266063483647,0.03793792781811791,0.05790562265951186,0.027072546011024528,0.01619427165772158,0.05416156277390147,0.0,0.035954698407494594,0.0007957051076847367,0.01690558347397131
0.09428252442516907,0.09766047348247843,0.0,0.0,0.07930291504433339,0.0,0.13847859023698025,0.017153171836762744,0.0393971790480807,0.09020112730603473,0.0,0.16497747924988332,0.13847859023698014,0.0,0.05469036815612463,0.0,0.02323301869272662,0.0,0.5260581410612716,0.026002037906484927,0.08727186407892236,0.0,0.19109976099219603,0.06726259504869253,0.0,0.027346315183866134,0.06192012714066862,0.12952515930340872,0.2951962156301832,0.09065537723714652,0.12313990260649879,0.13319114149232117,0.1577052819761881,1.0,0.07335435423141913,0.068354218834508,0.30274952617014594,0.04070796308311264,0.07359785234192637,0.12340073363851309,0.08896680738261163,0.22179696204193736,0.0002394438511885491,0.1458213053738345,0.17970896315779972,0.018371367900807074,0.267633716508695,0.027002849735877958,0.1966526003911717,0.07799656275415368,0.0,0.26763371650869505,0.0,0.027510662962252755,0.08112059428083447,0.006213465922111701,0.08467085942564774,0.01240286491289353,0.07384780941616674,0.08926824442096126,0.12541000443714181,0.05285301226847578,0.038300299078471024,0.09817225562294933,0.036933714279789746,0.07229551384476915,0.033522574467592124,0.1066733922892141,0.023989087621832272,0.012322861765515518,0.02738177203071353,0.09673201962410928,0.06726259504869236,0.006844944840262676,0.051964740915512134,0.051613948517762666,0.0,0.1562979453714816,0.03851179728484062,0.14333956374358633
0.03417751825562126,0.15901585161743526,0.0,0.0,0.1056516329112336,0.0,0.062448129530342684,0.0449133523048236,0.04086660445869292,0.02113775583210132,0.0,0.08574824800265157,0.062448129530342705,0.0,0.0030061765224870486,0.0,0.06966785852765263,0.0,0.04855957035718611,0.04039588880794764,0.2720589752850769,0.0,0.07868446447189446,0.033891336046850865,0.0,0.11090929454917718,0.21605125199734485,0.008956306990577064,0.005901672016871832,0.06253180318842672,0.009563939456842264,0.020733856383963484,0.055743247407428774,0.07335435423141913,1.0,0.003933270618168498,0.15335100287887765,0.00772003970216492,0.011523454382819896,0.10873300076085084,0.0036599053323855394,0.2114408578387611,0.010825381926761229,0.026908806503663656,0.005295862912304359,0.015698858947490634,0.08868220741336762,0.019286793296795227,0.0030061765224870503,0.004287252832470936,0.0,0.0030061765224870356,0.0,0.22067138512904116,0.08150010125146423,0.07108845316373898,0.041065258014667025,0.21143953450625963,0.06966785852765266,0.019286793296795276,0.05597196076526883,0.11792398697766208,0.1257265303348482,0.06616276914505681,0.18915945877649967,0.09865803322952336,0.11537536731098472,0.10503807691085906,0.02765542701957738,0.1313170509878662,0.13504846422283442,0.030937069676538007,0.033891336046850816,0.04875658912445949,0.0902103048219031,0.10754637157491742,0.0,0.028842089694226948,0.062448129530342684,0.019125071011914154
