AMG,ATF,ATI,ATP,CAR,CF1,CF2,CF3,CF4,Falta,GCC,GLI,LIN,LIP,MAC,MON,NTI,OTR,OXA,PAP,PEN,POL,QUI,SUL,TTC,hoursVM,numberOfPatients_atb,numberOfPatientsMR,neighbor_CAR,neighbor_PAP,neighbor_Falta,neighbor_QUI,neighbor_ATF,neighbor_OXA,neighbor_PEN,neighbor_CF3,neighbor_GLI,neighbor_CF4,neighbor_SUL,neighbor_NTI,neighbor_LIN,neighbor_AMG,neighbor_MAC,neighbor_CF1,neighbor_GCC,neighbor_POL,neighbor_ATI,neighbor_MON,neighbor_LIP,neighbor_TTC,neighbor_OTR,neighbor_CF2,neighbor_ATP,numberOfPatients_ttl,cambio_postural,insulina,nutr_art,sedacion,relajacion,fallo_hepatico,fallo_renal,fallo_coagulacion,fallo_hemodinamico,fallo_respiratorio,fallo_multiorganico,n_transf,farm_vasoactivos,dosis_nems,hoursTraqueo,hoursConUlcera,hoursConHemo,C01 VC acceso periférico 1,C01 VC acceso periférico 2,C02 Vía central - YD,C02 Vía central - SD,C02 Vía central - SI,C02 Vía central - FD,C02 Vía central - YI,C02 Vía central - FI,numberOfCatheters
1.0,0.6131692771983932,0.0,0.0,0.5091750772173156,0.0,0.4065578140908709,0.6776309271789385,0.6388765649999398,0.6440611887195307,0.0,0.5680336399838838,0.6846531968814576,0.0,0.595843591724218,0.0,0.6206328908341752,0.0,0.6880209161537814,0.5612058348111352,0.5708992257184502,0.0,0.530659966456864,0.595843591724218,0.0,0.05118640165408176,0.08210213120632823,0.0010518383859057464,0.1372629678523093,0.045089984136325756,0.04150581084147356,0.05262184234430985,0.08426203580762444,0.11917870140952147,0.044627724117582965,0.04376818986796586,0.0032987997224659714,0.10023600979893461,0.10358636155758315,0.1610956419122198,0.010603951061323535,0.49459549149920096,0.0012053661814557968,0.35558302352946053,0.04486515850484718,0.12897833755192561,0.03872015463311826,0.044142791695692164,0.04486515850484705,0.05033585388043094,0.0,0.022202495434293146,0.03150641772326119,0.053566349270440516,0.4628899390755363,0.4225572838702057,0.5249133759361292,0.5390789430061832,0.595843591724218,0.6679290181964582,0.6303151275241413,0.6369536815867006,0.5645794895318107,0.4224102664834013,0.515567923875245,0.07822220368066503,0.632887193236494,0.05062840030355108,0.011566298639324804,0.11459377783339986,0.05033585388043086,0.06730235341698601,0.050335853880430756,0.06955196113021876,0.04844189975795757,0.11188910572587406,0.0,0.047195773742379904,0.02220249543429315,0.10166720389984653
0.6131692771983932,1.0,0.0,0.0,0.564169333655275,0.0,0.28840215568307825,0.6292853089020909,0.5102499677469846,0.6354872754929598,0.0,0.6280034092529319,0.5802884574739972,0.0,0.44079927404658914,0.0,0.5286103941837502,0.0,0.6407460296864692,0.5979740048055435,0.5493480360811603,0.0,0.6196842689622583,0.4211982905948219,0.0,0.11549621359274054,0.08516801753928248,0.17044721651140157,0.009973036117716954,0.04772152040296922,0.13212503247782129,0.0017495168173744457,0.4004674518545141,0.1408564822322011,0.12261870861726382,0.08441004147349075,0.012103256109413863,0.02331559820357028,0.05375887174015864,0.02871536615026324,0.011222817586164571,0.027393864238891556,0.11141232268375145,0.014458087676517382,0.04748357352484929,0.045991186567984156,0.07467454944563794,0.026850027603614678,0.06964257450311209,0.07813453848974934,0.0,0.034464136402654576,0.04890628088121743,0.03324710211619829,0.5213572388650621,0.5039523787025914,0.5322048313453088,0.5917502430657298,0.45956501172304226,0.5764678037238102,0.6252226967163135,0.6133065478506443,0.5649648242299738,0.49458807663054266,0.5697885257836862,0.21273852727449377,0.577560666146134,0.18139633108304765,0.1296674170170028,0.14725857449826735,0.13211840144630313,0.16527110878452703,0.07813453848974901,0.036040256805078955,0.16549574280991466,0.029462217896988434,0.0,0.05679752539910833,0.03446413640265457,0.007342829450821556
0.0,0.0,1.0,0.0,0.0,0.0,0.0,0.0,0.0,0.0,0.0,0.0,0.0,0.0,0.0,0.0,0.0,0.0,0.0,0.0,0.0,0.0,0.0,0.0,0.0,0.0,0.0,0.0,0.0,0.0,0.0,0.0,0.0,0.0,0.0,0.0,0.0,0.0,0.0,0.0,0.0,0.0,0.0,0.0,0.0,0.0,0.0,0.0,0.0,0.0,0.0,0.0,0.0,0.0,0.0,0.0,0.0,0.0,0.0,0.0,0.0,0.0,0.0,0.0,0.0,0.0,0.0,0.0,0.0,0.0,0.0,0.0,0.0,0.0,0.0,0.0,0.0,0.0,0.0,0.0
0.0,0.0,0.0,1.0,0.0,0.0,0.0,0.0,0.0,0.0,0.0,0.0,0.0,0.0,0.0,0.0,0.0,0.0,0.0,0.0,0.0,0.0,0.0,0.0,0.0,0.0,0.0,0.0,0.0,0.0,0.0,0.0,0.0,0.0,0.0,0.0,0.0,0.0,0.0,0.0,0.0,0.0,0.0,0.0,0.0,0.0,0.0,0.0,0.0,0.0,0.0,0.0,0.0,0.0,0.0,0.0,0.0,0.0,0.0,0.0,0.0,0.0,0.0,0.0,0.0,0.0,0.0,0.0,0.0,0.0,0.0,0.0,0.0,0.0,0.0,0.0,0.0,0.0,0.0,0.0
0.5091750772173156,0.564169333655275,0.0,0.0,1.0,0.0,0.19607843137254904,0.6239177481057773,0.37037037037037035,0.5506423495196752,0.0,0.5687739622948734,0.39643546601836865,0.0,0.3142279867939816,0.0,0.39909740388924414,0.0,0.5275080483505996,0.6960093862470136,0.40655781409087083,0.0,0.6108304630544683,0.3205766682763325,0.0,0.21975770183490795,0.19750710935988275,0.0716357799840098,0.42523001293900564,0.15553743847506815,0.09835199615512843,0.03143494066699921,0.22906957769325706,0.09716499913822031,0.015324630316947963,0.1734310496471816,0.08648173651286825,0.05845529825916356,0.14038386373012962,0.005399492471560359,0.21477980803483138,0.03553446185390054,0.04413768962276492,0.09787052916352232,0.05714285714285719,0.03900777681374265,0.10000234573838002,0.05735372762597887,0.05714285714285702,0.024575749451650863,0.0,0.05891329277445148,0.08360081942580738,0.1246784793257488,0.5051536859353635,0.4954551130455399,0.5247813411078718,0.554304691824448,0.3142279867939817,0.4819269042234696,0.5676095377746765,0.521434747819669,0.5519850541454905,0.47643739421085185,0.5568872409404908,0.012076159573002218,0.5275080483505995,0.1544246717606029,0.12071650733807575,0.17781403704578036,0.10364555203522294,0.038799696940865484,0.10364555203522273,0.09178084701866206,0.2117546289659693,0.06989017229496287,0.0,0.07210196116685232,0.05891329277445147,0.08114318099556744
0.0,0.0,0.0,0.0,0.0,1.0,0.0,0.0,0.0,0.0,0.0,0.0,0.0,0.0,0.0,0.0,0.0,0.0,0.0,0.0,0.0,0.0,0.0,0.0,0.0,0.0,0.0,0.0,0.0,0.0,0.0,0.0,0.0,0.0,0.0,0.0,0.0,0.0,0.0,0.0,0.0,0.0,0.0,0.0,0.0,0.0,0.0,0.0,0.0,0.0,0.0,0.0,0.0,0.0,0.0,0.0,0.0,0.0,0.0,0.0,0.0,0.0,0.0,0.0,0.0,0.0,0.0,0.0,0.0,0.0,0.0,0.0,0.0,0.0,0.0,0.0,0.0,0.0,0.0,0.0
0.4065578140908709,0.28840215568307825,0.0,0.0,0.19607843137254904,0.0,1.0,0.3157894736842105,0.5656854249492381,0.3011693009684171,0.0,0.2538591035287969,0.4948716593053935,0.0,0.6123724356957945,0.0,0.5270462766947299,0.0,0.33275613232308127,0.2324055629261321,0.5270462766947299,0.0,0.2181529734146136,0.6123724356957945,0.0,0.06897388792636917,0.028153248318037772,0.06391835696140068,0.1573513889007737,0.10361490227612948,0.07837313091514393,0.10256279218187482,0.08889960323331479,0.11691932645664314,0.04584706618246555,0.06854168611880103,0.07378357351144592,0.05568615060605518,0.04590247820398795,0.04676097647914121,0.04331988820450869,0.05258259235833347,0.027698811940338575,0.027698811940338606,0.0137464349807054,0.023371005177635393,0.011863639979105698,0.020987233151759623,0.013746434980705362,0.015422625610268942,0.0,0.9999999999999986,0.009653391119992647,0.01634433005128649,0.16771078737734038,0.15608710469204184,0.19995834634964718,0.20377776431465955,0.6123724356957945,0.42426406871192857,0.32394177193585005,0.3768445758127966,0.24986989330370432,0.15331396736405373,0.21560440805089087,0.023966848057108383,0.33275613232308127,0.013636391294506136,0.02559446904221763,0.035110896042193675,0.015422625610268918,0.042623001147697945,0.015422625610268883,0.12282081733015086,0.04534796219641951,0.04093372598934889,0.0,0.02128413249322059,0.006802721088435363,0.023301379854009832
0.6776309271789385,0.6292853089020909,0.0,0.0,0.6239177481057773,0.0,0.3157894736842105,1.0,0.5454545454545454,0.6872932895779058,0.0,0.6420892379744055,0.6123724356957945,0.0,0.4948716593053935,0.0,0.5573835482180242,0.0,0.7058823529411765,0.6697448811056169,0.5833220810869016,0.0,0.5698566149169804,0.49487165930539356,0.0,0.15562916673796162,0.11198760516546245,0.04927316567289672,0.14689968177114238,0.1731337362815169,0.07931509323633465,0.03998767010242597,0.005494146129876165,0.014724521053972386,0.02782060173640924,0.46458808889531183,0.004559949877306459,0.06344176479294841,0.061140892158692825,0.0664143577162869,0.04478803601143132,0.07734743632574367,0.0564651455501256,0.08053225676821205,0.06546277658874913,0.10543884390243113,0.09316982857384158,0.09468439989692391,0.06201736729460419,0.04484014868079569,0.0,0.030690637458832833,0.13549356453255967,0.014679290727653012,0.5280674974898092,0.5101508661660784,0.5904321024625372,0.6100761789955185,0.49487165930539356,0.6666666666666666,0.6863262575323966,0.6928203230275508,0.6702378309227255,0.4872529908424355,0.6511651766880864,0.027304798782447494,0.6848064706908226,0.09918536820176703,0.04243771209428023,0.006539380529218113,0.044840148680795555,0.03915368413460332,0.06957954105640679,0.03821893338752966,0.0034403147544882213,0.00595985113189256,0.0,0.09602386831435401,0.030690637458832826,0.059632155424675745
0.6388765649999398,0.5102499677469846,0.0,0.0,0.37037037037037035,0.0,0.5656854249492381,0.5454545454545454,1.0,0.5270462766947299,0.0,0.4473566829509696,0.692820323027551,0.0,0.6998542122237652,0.0,0.7027283689263065,0.0,0.5656854249492381,0.42905642386362847,0.7027283689263065,0.0,0.3876376661011099,0.6998542122237652,0.0,0.028073124137138708,0.0794004305833988,0.07163577998400993,0.005834202451142758,1.5341460740669888e-17,0.1030903084698939,0.049467387251169365,0.04306479936682633,0.06517570099620534,0.08776833726979305,0.1385039632599022,0.03574228314043984,0.26597160707919465,0.005300361629508664,0.0997406248218794,0.08753762190648162,0.04180524923988305,0.05597170785495559,0.055971707854955664,0.027777777777777846,0.04722639645688978,0.023973165074269207,0.042409446483998504,0.02777777777777775,0.031164899666948583,0.0,0.013746434980705368,0.01950685786602175,0.04575672668411867,0.3167614141176235,0.297111059202714,0.3768445758127967,0.3826382587209975,0.6998542122237652,0.6527139518645054,0.5282230062442063,0.6123724356957945,0.4420406760601055,0.2923490075135859,0.38415817501304755,0.11447192928575035,0.5366563145999496,0.018941028917776617,0.051719407569514625,0.12932731092671265,0.031164899666948513,0.18410330245073195,0.031164899666948437,0.06447768717420486,0.09163580363456325,0.08271584201609741,0.0,0.04300939868550001,0.013746434980705362,0.04460750787714449
0.6440611887195307,0.6354872754929598,0.0,0.0,0.5506423495196752,0.0,0.3011693009684171,0.6872932895779058,0.5270462766947299,1.0,0.0,0.6201077770796697,0.595843591724218,0.0,0.455101761385381,0.0,0.565685424949238,0.0,0.573775310549247,0.6288816352817043,0.5425863986500215,0.0,0.5837300238472755,0.4094711702551927,0.0,0.20884474243946208,0.04872884394452296,0.15084986915151433,0.08209968793886041,0.08276365310256391,0.46348721165881535,0.012541339711938113,0.0058364079847434865,0.07011204972925843,0.03700638029578538,0.11711417963037654,0.13030401137604244,0.027496717715760614,0.24513277188770613,0.03984095364447979,0.032439640567867155,0.05370617108555292,0.06371930928643094,0.001769980813511948,0.05599866689881521,0.036656912901079045,0.05685735326841773,0.10058283389734116,0.055998666898815025,0.07391404949863535,0.0,0.0326025331848313,0.04626457563735032,0.054179207780915915,0.5063593023274702,0.48854484118142066,0.5634935082580562,0.5908647000371574,0.4328881220859688,0.5826639806638406,0.6854659594932418,0.6404344228724749,0.6196773353931867,0.4856474090803096,0.570208160497294,0.03967989501483089,0.7027283689263065,0.10458233836035749,0.01698415551216894,0.0008951878905557177,0.07391404949863521,0.07167947101443992,0.03547874375934484,0.02221064400682459,0.08938521790764584,0.025110208888575715,0.0,0.10200574548032397,0.03260253318483129,0.10579599422675931
0.0,0.0,0.0,0.0,0.0,0.0,0.0,0.0,0.0,0.0,1.0,0.0,0.0,0.0,0.0,0.0,0.0,0.0,0.0,0.0,0.0,0.0,0.0,0.0,0.0,0.0,0.0,0.0,0.0,0.0,0.0,0.0,0.0,0.0,0.0,0.0,0.0,0.0,0.0,0.0,0.0,0.0,0.0,0.0,0.0,0.0,0.0,0.0,0.0,0.0,0.0,0.0,0.0,0.0,0.0,0.0,0.0,0.0,0.0,0.0,0.0,0.0,0.0,0.0,0.0,0.0,0.0,0.0,0.0,0.0,0.0,0.0,0.0,0.0,0.0,0.0,0.0,0.0,0.0,0.0
0.5680336399838838,0.6280034092529319,0.0,0.0,0.5687739622948734,0.0,0.2538591035287969,0.6420892379744055,0.4473566829509696,0.6201077770796697,0.0,1.0,0.5175407196554275,0.0,0.41221581119602874,0.0,0.45452695038478635,0.0,0.6769576094101252,0.6096754067227085,0.5008643048801883,0.0,0.5637370950559557,0.39912624295140003,0.0,0.09980493036872387,0.0727777574937397,0.07083790151725498,0.1480766767871599,0.04989823623159313,0.0173961190252913,0.13388860519388684,0.15608269330119262,0.19744497578792614,0.044987532428769156,0.11440001456659224,0.5308976458740099,0.1306022663081827,0.16592611738195034,0.1962358449698125,0.030175000923980046,0.13289815380488976,0.1657850357594405,0.11624008254397564,0.022696884988273214,0.1398819175874368,0.07100716024967256,0.12561438396890506,0.08227620808249023,0.0019098345872118597,0.0,0.04071616361513777,0.08965584416720672,0.13099598416773203,0.5465111223284516,0.5047893422594625,0.5353618951699042,0.6006720021768734,0.41221581119602874,0.5852091487465347,0.6522684241537554,0.5945150551342913,0.6174515192679564,0.5247044891189495,0.6004274473519076,0.12276288108241362,0.6138412640037243,0.1407452721651958,0.15318996260733028,0.06060465282238874,0.0019098345872118677,0.1513884761936502,0.0019098345872118829,0.07764340297890236,0.06437667783274208,0.019927492953045932,0.0,0.083179637305987,0.04071616361513776,0.047838332236324055
0.6846531968814576,0.5802884574739972,0.0,0.0,0.39643546601836865,0.0,0.4948716593053935,0.6123724356957945,0.692820323027551,0.595843591724218,0.0,0.5175407196554275,1.0,0.0,0.6666666666666666,0.0,0.7041787902195303,0.0,0.600525690068924,0.48750734531109696,0.7041787902195303,0.0,0.47628048478710094,0.6666666666666666,0.0,0.03124226610491075,0.07925076871067097,0.060239488497626545,0.12592218398669108,0.057385190583867624,0.07739283258680281,0.00385695980421563,0.07789983779724234,0.07894835345163931,0.015368567743163735,0.07922199810119153,0.05961616559525053,0.035046296597182475,0.033775255902844414,0.03668840686309339,0.39136813115595803,0.025063924191857156,0.06903212812556506,0.06903212812556515,0.034259435491376694,0.058246188584579736,0.029567055685897757,0.09104988495206161,0.17700708337211232,0.038436907310461794,0.0,0.01695402368848362,0.024058581793215298,0.04299701831673916,0.37211839194053886,0.3554381082343709,0.4361363390779183,0.4502799129430492,0.6666666666666666,0.6928203230275509,0.6209937763950304,0.6285393610547089,0.4969039949999533,0.3371317198775931,0.4514087699415158,0.059731172925680066,0.600525690068924,0.13601294069252132,0.057245279773661575,0.007064455133838412,0.03843690731046172,0.02443053228015491,0.038436907310461635,0.11142179374114178,0.1130180725194759,0.16976840866943177,0.0,0.053045197912396286,0.016954023688483616,0.05807266546482805
0.0,0.0,0.0,0.0,0.0,0.0,0.0,0.0,0.0,0.0,0.0,0.0,0.0,1.0,0.0,0.0,0.0,0.0,0.0,0.0,0.0,0.0,0.0,0.0,0.0,0.0,0.0,0.0,0.0,0.0,0.0,0.0,0.0,0.0,0.0,0.0,0.0,0.0,0.0,0.0,0.0,0.0,0.0,0.0,0.0,0.0,0.0,0.0,0.0,0.0,0.0,0.0,0.0,0.0,0.0,0.0,0.0,0.0,0.0,0.0,0.0,0.0,0.0,0.0,0.0,0.0,0.0,0.0,0.0,0.0,0.0,0.0,0.0,0.0,0.0,0.0,0.0,0.0,0.0,0.0
0.595843591724218,0.44079927404658914,0.0,0.0,0.3142279867939816,0.0,0.6123724356957945,0.4948716593053935,0.6998542122237652,0.455101761385381,0.0,0.41221581119602874,0.6666666666666666,0.0,1.0,0.0,0.6846531968814576,0.0,0.487786386771305,0.3813520196365641,0.6846531968814576,0.0,0.36027752057743406,0.5773502691896257,0.0,0.021861889779701632,0.020604676400114087,0.02716513908253109,0.10881442418472649,0.14054423823215265,0.009455795063501582,0.039011686472699626,0.05026310923330009,0.055244398586611045,0.07995522383118954,0.00866185662957436,0.12867523761921626,0.04806659705189717,0.25845314770118416,0.08154904233293436,0.07554793896622972,0.01753857246747692,0.4283086222130821,0.04830548370824241,0.023973165074269255,0.04075798313246042,0.020689655172413796,0.03660079180569413,0.023973165074269172,0.23848111392902366,0.0,0.011863639979105695,0.01683508045328806,0.044735095042067505,0.2823062043294753,0.2569958024032262,0.32616624945113976,0.33066589529505425,0.7071067811865476,0.6123724356957945,0.5049752469181039,0.5656854249492381,0.40655781409087083,0.25289864757946384,0.35646334412177544,0.04179710634716908,0.515682051112248,0.007920742925916366,0.044635604227465764,0.07556278058894494,0.0268963662325966,0.07433259924545882,0.026896366232596537,0.10290112278255956,0.2708124018386611,0.055401849468048464,0.0,0.03711857091957175,0.011863639979105691,0.0648759110933599
0.0,0.0,0.0,0.0,0.0,0.0,0.0,0.0,0.0,0.0,0.0,0.0,0.0,0.0,0.0,1.0,0.0,0.0,0.0,0.0,0.0,0.0,0.0,0.0,0.0,0.0,0.0,0.0,0.0,0.0,0.0,0.0,0.0,0.0,0.0,0.0,0.0,0.0,0.0,0.0,0.0,0.0,0.0,0.0,0.0,0.0,0.0,0.0,0.0,0.0,0.0,0.0,0.0,0.0,0.0,0.0,0.0,0.0,0.0,0.0,0.0,0.0,0.0,0.0,0.0,0.0,0.0,0.0,0.0,0.0,0.0,0.0,0.0,0.0,0.0,0.0,0.0,0.0,0.0,0.0
0.6206328908341752,0.5286103941837502,0.0,0.0,0.39909740388924414,0.0,0.5270462766947299,0.5573835482180242,0.7027283689263065,0.565685424949238,0.0,0.45452695038478635,0.7041787902195303,0.0,0.6846531968814576,0.0,1.0,0.0,0.6023386019368341,0.45586456322026175,0.7071067811865476,0.0,0.4344556532923017,0.6846531968814576,0.0,0.07394152448138785,0.050235032026255955,0.0007306435295231519,0.06305598544040049,0.04698160705621076,0.12806496666551204,0.05071484265817989,0.12534541894404252,0.03316649929049078,0.11196459566120474,0.0554008529292269,0.0701187075544071,0.06962741897059332,0.10406670018077445,0.3298182966121019,0.09821164333675589,0.054329111801300844,0.06279669574154802,0.06112211718844015,0.1994553578684708,0.05298501265957811,0.026896366232596586,0.047580701205766865,0.031164899666948485,0.034965034965034905,0.0,0.0154226256102689,0.021885453655631756,0.014204284430104004,0.3544766859054063,0.31556700850018915,0.40550097458458223,0.41024044546560606,0.6846531968814576,0.6776309271789384,0.5650741459164191,0.6443794794178425,0.4657355698153767,0.32314821310123804,0.420610224897983,0.38430274382290436,0.5419453694798968,0.02936914360246117,0.05802588531856589,0.018266155586225942,0.17202797202797143,0.04497353948373377,0.034965034965034766,0.07067952967350445,0.011836895145311596,0.0060923793553154006,0.0,0.04825380941169822,0.015422625610268897,0.02947199635653703
0.0,0.0,0.0,0.0,0.0,0.0,0.0,0.0,0.0,0.0,0.0,0.0,0.0,0.0,0.0,0.0,0.0,1.0,0.0,0.0,0.0,0.0,0.0,0.0,0.0,0.0,0.0,0.0,0.0,0.0,0.0,0.0,0.0,0.0,0.0,0.0,0.0,0.0,0.0,0.0,0.0,0.0,0.0,0.0,0.0,0.0,0.0,0.0,0.0,0.0,0.0,0.0,0.0,0.0,0.0,0.0,0.0,0.0,0.0,0.0,0.0,0.0,0.0,0.0,0.0,0.0,0.0,0.0,0.0,0.0,0.0,0.0,0.0,0.0,0.0,0.0,0.0,0.0,0.0,0.0
0.6880209161537815,0.6407460296864692,0.0,0.0,0.5275080483505996,0.0,0.33275613232308127,0.7058823529411765,0.5656854249492381,0.573775310549247,0.0,0.6769576094101252,0.600525690068924,0.0,0.487786386771305,0.0,0.6023386019368341,0.0,1.0,0.5738337011575037,0.6023386019368342,0.0,0.6273643326097713,0.45819552638527056,0.0,0.11247416818259476,0.03184723120881711,0.08672449387785011,0.15691086235168458,0.03644791325416425,0.18882017645850957,0.08685401015651291,0.07646551714539127,0.5385123784100527,0.06790447297357632,0.14387646141746688,0.1535928570742864,0.16917203159830857,0.06228053065231148,0.09595128884829951,0.08142990090719412,0.0536705284831288,0.0993829217729233,0.04481974903484781,0.07615897448061792,0.015694751662131527,0.25873792768200227,0.09351213576796544,0.2103438342798012,0.06510135218540294,0.0,0.028715366150263138,0.040748497108536334,0.04904900925626825,0.49368727162306253,0.47790030340965134,0.5519850541454905,0.5355509451161624,0.487786386771305,0.5917837442850218,0.615174810815215,0.674396393545237,0.5958680772732112,0.4676331172088618,0.5646260236054803,0.05863138045743922,0.6614378277661477,0.05441232789831659,0.04570851951152457,0.024044398488039888,0.06510135218540278,0.0078040398781420925,0.05533614935759228,0.1433364456166328,0.06974983753182379,0.07084236978676778,0.0,0.024578680386496982,0.028715366150263138,0.09318204491134356
0.5612058348111352,0.5979740048055435,0.0,0.0,0.6960093862470136,0.0,0.2324055629261321,0.669744881105617,0.42905642386362847,0.6288816352817043,0.0,0.6096754067227085,0.487507345311097,0.0,0.3813520196365642,0.0,0.45586456322026175,0.0,0.5738337011575037,1.0,0.46770717334674267,0.0,0.6257676766861526,0.3813520196365642,0.0,0.01250229043957328,0.010816304454715165,0.1051066288963853,0.036644208630824834,0.4594470646364873,0.04361824437619301,0.005614590367108565,0.042964867395559624,0.016322738578805153,0.07986000749418413,0.07985960752951987,0.09333784337763092,0.014639666891898329,0.12262958280657378,0.09315570013758433,0.021923104720775924,0.03872161858730071,0.023852291529259096,0.023852291529259127,0.005300361629508693,0.036455254677041936,0.0800518599074464,0.05799463394110174,0.10335705177541911,0.016056005170748074,0.0,0.04590247820398795,0.07258216746362949,0.006302060133078899,0.5718762011378837,0.5397889858313051,0.5580722590718694,0.596722136581137,0.37118079945917937,0.5159914559074565,0.5671008047188701,0.5759500024854358,0.5866051470482239,0.539075431380764,0.5717491954000364,0.05586699370042309,0.5883634359978552,0.012531802920969956,0.004175234580746987,0.05544841595189562,0.10406670018077446,0.027164452794997945,0.016056005170748063,0.13256486544915888,0.13040543851013608,0.01622096597721534,0.0,0.07470591448589374,0.14819942963001814,0.08771772748494844
0.5708992257184502,0.5493480360811602,0.0,0.0,0.40655781409087083,0.0,0.5270462766947299,0.5833220810869016,0.7027283689263065,0.5425863986500215,0.0,0.5008643048801883,0.7041787902195303,0.0,0.6846531968814576,0.0,0.7071067811865476,0.0,0.6023386019368342,0.46770717334674267,1.0,0.0,0.4444444444444445,0.6846531968814576,0.0,0.14111733457203335,0.023051175573291147,0.07135951805009719,0.2245142180559591,0.10962374979782527,0.028831379929932097,0.13568612620622486,0.11982359432095706,0.121436395039986,0.26587032650494585,0.0945868220742899,0.133363032015245,0.1262475179137133,0.016056005170748067,0.06831950429822115,0.098211643336756,0.11217593587750621,0.06112211718844015,0.06279669574154816,0.031164899666948603,0.052985012659578154,0.026896366232596614,0.04758070120576693,0.031164899666948506,0.03496503496503495,0.0,0.015422625610268918,0.02188545365563178,0.025629469732579003,0.34937603601344264,0.32409738384567105,0.4133755150982386,0.4280852441510823,0.6846531968814576,0.6776309271789384,0.5926547641093317,0.6443794794178425,0.49487165930539356,0.33093603420366763,0.4401838419851432,0.05433586352251868,0.6023386019368341,0.010838134075193856,0.33833554670363825,0.07960082406147448,0.03496503496503488,0.0031306011993699674,0.03496503496503481,0.051326376856858064,0.035223550171847515,0.050457457741590245,0.0,0.048253809411698254,0.015422625610268921,0.052827163280585364
0.0,0.0,0.0,0.0,0.0,0.0,0.0,0.0,0.0,0.0,0.0,0.0,0.0,0.0,0.0,0.0,0.0,0.0,0.0,0.0,0.0,1.0,0.0,0.0,0.0,0.0,0.0,0.0,0.0,0.0,0.0,0.0,0.0,0.0,0.0,0.0,0.0,0.0,0.0,0.0,0.0,0.0,0.0,0.0,0.0,0.0,0.0,0.0,0.0,0.0,0.0,0.0,0.0,0.0,0.0,0.0,0.0,0.0,0.0,0.0,0.0,0.0,0.0,0.0,0.0,0.0,0.0,0.0,0.0,0.0,0.0,0.0,0.0,0.0,0.0,0.0,0.0,0.0,0.0,0.0
0.530659966456864,0.6196842689622583,0.0,0.0,0.6108304630544683,0.0,0.2181529734146136,0.5698566149169805,0.3876376661011099,0.5837300238472755,0.0,0.5637370950559557,0.476280484787101,0.0,0.36027752057743406,0.0,0.4344556532923017,0.0,0.6273643326097713,0.6257676766861526,0.4444444444444445,0.0,1.0,0.35179921484008664,0.0,0.08080420573846059,0.04662781771381091,0.017042130330645746,0.12640073848502745,0.12742297972768546,0.007092208080373398,0.4646534546735277,0.04088510754925123,0.17509117945685043,0.10089331712044189,0.08410758682711025,0.17302210659044853,0.14194329888258134,0.019354184182778268,0.025877458475338264,0.023973165074269148,0.12975350884125458,0.05313874275536365,0.0027250637310442874,0.10143010324169763,0.0015676947060073222,0.02042544511151236,0.03613339409647977,0.007607257743127305,0.029587512153286488,0.0,0.05019488349473612,0.060544627782514106,0.11645346362420327,0.5166205123959298,0.500658105501388,0.6098367211363063,0.5663035479800657,0.34311147356330046,0.4758531956408902,0.5998673309304474,0.5225894003744288,0.6031984718991401,0.5096107982952696,0.5719358612658826,0.057875868803946164,0.5663035479800657,0.0545348176264299,0.081351878279543,0.012307407356185976,0.054623099359913385,0.02292894265611272,0.02958751215328638,0.11737159492913529,0.02958146547706049,0.07067812777990719,0.0,0.04076229809113258,0.13552618543578754,0.1294019620989408
0.595843591724218,0.4211982905948219,0.0,0.0,0.3205766682763325,0.0,0.6123724356957945,0.49487165930539356,0.6998542122237652,0.4094711702551927,0.0,0.39912624295140003,0.6666666666666666,0.0,0.5773502691896257,0.0,0.6846531968814576,0.0,0.45819552638527056,0.3813520196365642,0.6846531968814576,0.0,0.35179921484008664,1.0,0.0,0.021861889779701583,0.06652366952036831,0.16580102129682756,0.05678490516580841,0.10038874159439472,0.11776762942724714,0.03361384306138271,0.0021237933478859224,0.05524439858661105,0.07995522383118957,0.05543588242927555,0.0017626744879344716,0.09711414506403722,0.25845314770118416,0.14195574035733016,0.04092180027337443,0.13078764040032823,0.11056588493219917,0.048305483708242405,0.023973165074269255,0.04075798313246043,0.02068965517241379,0.03660079180569413,0.02397316507426918,0.02689636623259664,0.0,0.011863639979105698,0.016835080453288062,0.028503777371936764,0.27812365897079,0.26039986863467285,0.3125699596023866,0.33066589529505425,0.5773502691896257,0.6123724356957945,0.5049752469181039,0.5656854249492381,0.39404533434575695,0.25289864757946384,0.34826768895570615,0.1456565827249832,0.5156820511122481,0.021798838662155037,0.1247507913024043,0.06123182540829382,0.026896366232596593,0.0444001458893805,0.02689636623259654,0.10290112278255953,0.1355417621914,0.21186229241521898,0.0,0.03711857091957175,0.011863639979105693,0.17038838188256072
0.0,0.0,0.0,0.0,0.0,0.0,0.0,0.0,0.0,0.0,0.0,0.0,0.0,0.0,0.0,0.0,0.0,0.0,0.0,0.0,0.0,0.0,0.0,0.0,1.0,0.0,0.0,0.0,0.0,0.0,0.0,0.0,0.0,0.0,0.0,0.0,0.0,0.0,0.0,0.0,0.0,0.0,0.0,0.0,0.0,0.0,0.0,0.0,0.0,0.0,0.0,0.0,0.0,0.0,0.0,0.0,0.0,0.0,0.0,0.0,0.0,0.0,0.0,0.0,0.0,0.0,0.0,0.0,0.0,0.0,0.0,0.0,0.0,0.0,0.0,0.0,0.0,0.0,0.0,0.0
0.05118640165408176,0.11549621359274054,0.0,0.0,0.21975770183490795,0.0,0.06897388792636917,0.15562916673796162,0.028073124137138708,0.20884474243946208,0.0,0.09980493036872387,0.03124226610491075,0.0,0.021861889779701632,0.0,0.07394152448138785,0.0,0.11247416818259476,0.01250229043957328,0.14111733457203335,0.0,0.08080420573846059,0.021861889779701583,0.0,1.0,0.03674724752335751,0.08827224463711916,0.0383751237638853,0.03607850111136192,0.17663829413686033,0.07214339798532542,0.0066058025734177005,0.007319363989133442,0.027288971426783187,0.12325107426091013,0.1365135402903434,0.0667683636046778,0.04460071074475778,0.09290427645881447,0.05494668388018798,0.039684711975583466,0.0204017971865179,0.005082305650201401,0.05384290877018103,0.13320106655542796,0.07656358246528853,0.03867451968811802,0.05384290877018086,0.07394152448138802,0.0,0.06897388792636917,0.022255262101244996,0.026373359021111695,0.5655074620076711,0.30860618076376184,0.19789418376980672,0.5439425626406327,0.12028736202469172,0.03867451968811801,0.08375217226905468,0.005667667199568638,0.3181530906871834,0.5015054342213848,0.33169856328718106,0.08261174992992384,0.15714306004997053,0.6048389450270226,0.07329918460524283,0.13537941997194058,0.002829814414020416,0.13984250112349544,0.1507128633767959,0.2039087818416465,0.1221435309029395,0.07526648568318108,0.0,0.17977852071324807,0.06897388792636916,0.14850012680638985
0.08210213120632823,0.08516801753928248,0.0,0.0,0.19750710935988275,0.0,0.028153248318037772,0.11198760516546245,0.0794004305833988,0.04872884394452296,0.0,0.0727777574937397,0.07925076871067097,0.0,0.020604676400114087,0.0,0.050235032026255955,0.0,0.03184723120881711,0.010816304454715165,0.023051175573291147,0.0,0.04662781771381091,0.06652366952036831,0.0,0.03674724752335751,1.0,0.38050370632852654,0.4328029602980595,0.18818417617730415,0.1904182126172436,0.3901523697283859,0.35116209637960377,0.09810547844320283,0.1755621776076016,0.1628148681313067,0.273637152009553,0.29004531887841584,0.010816304454715183,0.1556216760493455,0.11301768405943155,0.12044638168179231,0.08879192155345064,0.09835835768366773,0.12483057385534377,0.10924664020180658,0.10773302232059652,0.14948160525661944,0.01882690622080588,0.09927617846505088,0.0,0.028153248318037772,0.023855528385088493,0.6923314245448646,0.029234257004275312,0.02093710379922045,0.02055794751281174,0.06084198636649366,0.031672331152175374,0.10740735872363691,0.03824719663322391,0.1055266184659608,0.12109629517750119,0.0003666782520490734,0.04111687569725265,0.049626165321476276,0.06305324299732253,0.08580651967544707,0.03651925121907247,0.1482931393970474,0.06382696025273837,0.10334387926148961,0.15364389137098003,0.015390482044654564,0.14810663115861256,0.1168159937642085,0.0,0.01741829490076927,0.03179899270454623,0.06941306172637307
0.0010518383859057464,0.17044721651140157,0.0,0.0,0.0716357799840098,0.0,0.06391835696140068,0.04927316567289672,0.07163577998400993,0.15084986915151433,0.0,0.07083790151725498,0.060239488497626545,0.0,0.02716513908253109,0.0,0.0007306435295231519,0.0,0.08672449387785011,0.1051066288963853,0.07135951805009719,0.0,0.017042130330645746,0.16580102129682756,0.0,0.08827224463711916,0.38050370632852654,1.0,0.16911276815996537,0.07363100144876415,0.13158646478022495,0.2287810662618475,0.1024053264782287,0.10618743441220398,0.001587715479348795,0.1303564991906528,0.22672741424002377,0.2668764077204029,0.14010765408552647,0.09025259943420422,0.05173431304153337,0.2120148033726875,0.020266588943364944,0.06342421719686163,0.07163577998401012,0.19476589116362708,0.11147074313176539,0.1154452835477117,0.03147632756873163,0.18095604747857433,0.0,0.06391835696140068,0.022104152928993235,0.23116352226901563,0.03757044404634075,0.17327044904910563,0.11693299420585646,0.019639230543140727,0.11958906055872873,0.12980689776895815,0.04760979322987921,0.07995744500916141,0.09522586588644877,0.05065379867894883,0.20421610473715565,0.11853140586952782,0.12866967392334636,0.02873360902381335,0.012591682582900731,0.029043393359132356,0.035314437260286984,0.014202130364197235,0.03531443726028692,0.04788723603952408,0.055267866088177436,0.10542648477724603,0.0,0.002839639636547868,0.09507184186695729,0.12501158373695295
0.1372629678523093,0.009973036117716954,0.0,0.0,0.42523001293900564,0.0,0.1573513889007737,0.14689968177114238,0.005834202451142758,0.08209968793886041,0.0,0.1480766767871599,0.12592218398669108,0.0,0.10881442418472649,0.0,0.06305598544040049,0.0,0.15691086235168458,0.036644208630824834,0.2245142180559591,0.0,0.12640073848502745,0.05678490516580841,0.0,0.0383751237638853,0.4328029602980595,0.16911276815996537,1.0,0.1392566634667267,0.07123256806573314,0.13211039766096985,0.37980197970082946,0.2561379268227398,0.0668520491008644,0.06808785190640428,0.20411884419963705,0.2104387593883163,0.004545737273190907,0.04704258677067353,0.15168152586331934,0.12835252634211158,0.0027430223113610883,0.13257941171578405,0.06612096111295165,0.05996498990672909,0.10881442418472645,0.1680842515096633,0.13807612467704564,0.033818954128934604,0.0,0.1573513889007737,0.02116809418354303,0.3156721096635208,0.07072175729382754,0.06237524512223031,0.16269267457905676,0.05381744518910162,0.0153850728281747,0.05162941189649128,0.010261231347888967,0.010398098200009523,0.06216831868977925,0.011324984650635306,0.007663319468476761,0.004469473823619929,0.01218725144479105,0.03945670069721614,0.1293774684509265,0.17484485852035953,0.06611060065204623,0.11718499363060782,0.13069389369826928,0.023904763003840968,0.03510317620372448,0.12093221486620447,0.0,0.03865480533193088,0.014917104146556514,0.025417674972096203
0.045089984136325756,0.04772152040296922,0.0,0.0,0.15553743847506815,0.0,0.10361490227612948,0.1731337362815169,1.5341460740669888e-17,0.08276365310256391,0.0,0.04989823623159313,0.057385190583867624,0.0,0.14054423823215265,0.0,0.04698160705621076,0.0,0.03644791325416425,0.4594470646364873,0.10962374979782527,0.0,0.12742297972768546,0.10038874159439472,0.0,0.03607850111136192,0.18818417617730415,0.07363100144876415,0.1392566634667267,1.0,0.06756972295610385,0.07500149290861188,0.06801237637065974,0.002924210072240407,0.07759050827500907,0.0907813213938248,0.2411864942316813,0.11994429474186806,0.046610571774716114,0.07913718880096932,0.08247776743621064,0.13567260190418812,0.08437828495547438,0.04687682497526359,0.03489622017068849,0.03236117358032861,0.10038874159439475,0.08287604538206783,0.0348962201706884,0.015660535685403622,0.0,0.10361490227612948,0.049011523699033464,0.23511649369006193,0.07389636502539708,0.07933984518605733,0.024176810531096847,0.03714222160816623,0.060233244956636844,0.1065549154912301,0.11535671446275825,0.12438866398024885,0.14076283304913592,0.028421678855921978,0.19599162377358478,0.07743451440193795,0.14579165301665706,0.05326349824662929,0.029987642774381828,0.01789549255691646,0.0469816070562108,0.044841666408428564,0.07830267842701787,0.08832926553368865,0.10102398101295938,0.06221476834640196,0.0,0.07894333106592434,0.1726915037935491,0.056038802981275886
0.04150581084147356,0.13212503247782129,0.0,0.0,0.09835199615512843,0.0,0.07837313091514393,0.07931509323633465,0.1030903084698939,0.46348721165881535,0.0,0.0173961190252913,0.07739283258680281,0.0,0.009455795063501582,0.0,0.12806496666551204,0.0,0.18882017645850957,0.04361824437619301,0.028831379929932097,0.0,0.007092208080373398,0.11776762942724714,0.0,0.17663829413686033,0.1904182126172436,0.13158646478022495,0.07123256806573314,0.06756972295610385,1.0,0.142299712176453,0.2588954865093151,0.096277602850037,0.06241853510729773,0.034656874338464566,0.26364936705030434,0.10490784180810561,0.1673458133910151,0.07905835327312315,0.06709356330892534,0.14297014514642004,0.0076266206566072345,0.11118810115158978,0.04780999813096542,0.2092143985834634,0.009455795063501594,0.09580389007464017,0.17331124322474903,0.020785413437858034,0.0,0.07837313091514393,0.044066429100957635,0.11295074031153236,0.2343669513667328,0.033483647365889,0.05020316593526666,0.0879923811527077,0.009455795063501603,0.09580389007464016,0.14550859922753068,0.11183827452311129,0.10064560857126843,0.14383267731852453,0.09284537983557636,0.05683398983861241,0.0998718288706167,0.11113850051429915,0.041512909082125383,0.020866512313796985,0.0784481732977221,0.055215309643217636,0.028831379929931997,0.0697671333799259,0.01074978889414455,0.00863139916018072,0.0,0.04331561445667845,0.03105350470222682,0.1500876976019183
0.05262184234430985,0.0017495168173744457,0.0,0.0,0.03143494066699921,0.0,0.10256279218187482,0.03998767010242597,0.049467387251169365,0.012541339711938113,0.0,0.13388860519388684,0.00385695980421563,0.0,0.039011686472699626,0.0,0.05071484265817989,0.0,0.08685401015651291,0.005614590367108565,0.13568612620622486,0.0,0.4646534546735277,0.03361384306138271,0.0,0.07214339798532542,0.3901523697283859,0.2287810662618475,0.13211039766096985,0.07500149290861188,0.142299712176453,1.0,0.21405453526535018,0.08830065174149772,0.019113330295039803,0.12277103693529931,0.26118770400067115,0.12113440584651848,0.030514078082111686,0.1299113228667799,0.03057311073199562,0.29955641727999804,0.04021405761919502,0.16326219973604827,0.0767597388380216,0.02069594471824726,0.0026989217056584756,0.02618738598151981,0.08102416877346702,0.07903860384086166,0.0,0.10256279218187482,0.12038624175383719,0.36016393267238245,0.04105346321393125,0.11205324173349604,0.030726630744199502,0.0756483084796779,0.03901168647269964,0.026187385981519803,0.07883453888977754,0.043068631192332306,0.11129480034443114,0.030772731309258096,0.030672481907332745,0.021223587034040134,0.044985923209270834,0.1525859666695428,0.029927452719502066,0.032148743839594686,0.034256440889864945,0.06508841734241126,0.02239108147549825,0.030049200992171288,0.05082611980331503,0.04632397458823747,0.0,0.06052608843112908,0.1473021171665609,0.042838803304194824
0.08426203580762444,0.4004674518545141,0.0,0.0,0.22906957769325706,0.0,0.08889960323331479,0.005494146129876165,0.04306479936682633,0.0058364079847434865,0.0,0.15608269330119262,0.07789983779724234,0.0,0.05026310923330009,0.0,0.12534541894404252,0.0,0.07646551714539127,0.042964867395559624,0.11982359432095706,0.0,0.04088510754925123,0.0021237933478859224,0.0,0.0066058025734177005,0.35116209637960377,0.1024053264782287,0.37980197970082946,0.06801237637065974,0.2588954865093151,0.21405453526535018,1.0,0.23848452148469748,0.013103049562316412,0.061617380195530355,0.3211659386955309,0.14409401217910606,0.06127776169530638,0.07719931591018522,0.07948871748129653,0.009413178422634807,0.004958558473355558,0.06842810693230662,0.23008907090275835,0.10839864757029838,0.21167140367263007,0.02713440680364591,0.09351213576796563,0.03810058989929054,0.0,0.08889960323331479,0.1261528481422327,0.24650817732588753,0.05792333540109374,0.0879208716547199,0.15216445786305033,0.04190770235748299,0.10265001181448614,0.03464855022619406,0.005318932057394405,0.058478407243675284,0.13599237467087713,0.0875864967829687,0.009139778470460356,0.2640591393323418,0.028915531693635338,0.01854639901084643,0.1258245209663619,0.03572726124590182,0.0027609123115427923,0.015865091778411913,0.0381005898992904,0.021235996180202703,0.05477776570221343,0.004780707134437448,0.0,0.04783085834255389,0.0012178027840180111,0.15829150226342825
0.11917870140952147,0.1408564822322011,0.0,0.0,0.09716499913822031,0.0,0.11691932645664314,0.014724521053972386,0.06517570099620534,0.07011204972925843,0.0,0.19744497578792614,0.07894835345163931,0.0,0.055244398586611045,0.0,0.03316649929049078,0.0,0.5385123784100527,0.016322738578805153,0.121436395039986,0.0,0.17509117945685043,0.05524439858661105,0.0,0.007319363989133442,0.09810547844320283,0.10618743441220398,0.2561379268227398,0.002924210072240407,0.096277602850037,0.08830065174149772,0.23848452148469748,1.0,0.032074892013297586,0.0577790014257851,0.27700469256873067,0.1001518272648473,0.032978594271463504,0.042669779456493924,0.09994508356680543,0.133193376556288,0.05956655175205665,0.12554315238031902,0.0640118491927018,0.0023384907718733234,0.3525597073436453,0.09772945533646794,0.1501368826519729,0.005484224292128398,0.0,0.11691932645664314,0.07600995103858191,0.0035748281830429657,0.0014218712814712499,0.02778433094779978,0.002419020547378824,0.02064599995517907,0.04386070433240032,0.03928921537769115,0.09455612888222956,0.039411567124082,0.05469318565168642,0.043509261213020754,0.019293730452435848,0.011252672366310893,0.0662503941836296,0.016558147033177834,0.0781777589231267,0.0024669084495311314,0.03316649929049081,0.0070622644490693385,0.07181722287310982,0.07996388000614678,0.02653883940966368,0.014908177692140248,0.0,0.05742831557915427,0.03167765002519886,0.0009344975128671475
