AMG,ATF,ATI,ATP,CAR,CF1,CF2,CF3,CF4,Falta,GCC,GLI,LIN,LIP,MAC,MON,NTI,OTR,OXA,PAP,PEN,POL,QUI,SUL,TTC,hoursVM,numberOfPatients_atb,numberOfPatientsMR,neighbor_CAR,neighbor_PAP,neighbor_Falta,neighbor_QUI,neighbor_ATF,neighbor_OXA,neighbor_PEN,neighbor_CF3,neighbor_GLI,neighbor_CF4,neighbor_SUL,neighbor_NTI,neighbor_LIN,neighbor_AMG,neighbor_MAC,neighbor_CF1,neighbor_GCC,neighbor_POL,neighbor_ATI,neighbor_MON,neighbor_LIP,neighbor_TTC,neighbor_OTR,neighbor_CF2,neighbor_ATP,numberOfPatients_ttl,cambio_postural,insulina,nutr_art,sedacion,relajacion,fallo_hepatico,fallo_renal,fallo_coagulacion,fallo_hemodinamico,fallo_respiratorio,fallo_multiorganico,n_transf,farm_vasoactivos,dosis_nems,hoursTraqueo,hoursConUlcera,hoursConHemo,C01 VC acceso periférico 1,C01 VC acceso periférico 2,C02 Vía central - YD,C02 Vía central - SD,C02 Vía central - SI,C02 Vía central - FD,C02 Vía central - YI,C02 Vía central - FI,numberOfCatheters
1.0,0.674199862463242,0.4280852441510823,0.20846292265881908,0.5559729307733013,0.5802884574739972,0.2084629226588191,0.6440071154867247,0.5839292676710697,0.6557319602458285,0.20377776431465955,0.6432890605866313,0.6698462118294015,0.3656235161413384,0.5802884574739972,0.5286103941837503,0.6040159365562485,0.2084629226588191,0.6990252954195317,0.5745668329951014,0.6420955168354483,0.3908679799852858,0.5649597800149702,0.6658180364356225,0.28206287264415103,0.006339001824841846,0.00022636461877157418,0.030643265701970325,0.03882998866850208,0.0024709853091891684,0.013493309231630505,0.05886220439606184,0.031387701967831964,0.10373524300254272,0.05738744322689172,0.011593405863825481,0.03674319388916481,0.014253722741640537,0.028094353451075877,0.10050378152592117,0.0013707326978328461,0.4327849931808475,0.061937655359251303,0.006709675808356776,0.01688340898614525,0.040406158848944426,0.05316097614651986,0.013242354580746449,0.003674406132718571,0.03724601837974455,0.026780959565824956,0.021831714786688654,0.018891784366845122,0.031883004391265395,0.5012514869048909,0.4405103984185288,0.5791789269328055,0.5168012197023834,0.5003412581446084,0.6202194865578193,0.6071927081798096,0.5614795270170225,0.4877244204789788,0.4356399559377524,0.4629706566205015,0.11871507838881096,0.5754885034045308,0.06548661190446582,0.05656398831096616,0.06169765316741758,0.0362600559569946,0.041367083041290366,0.039642773109970185,0.04432915596245594,0.009255864244428945,0.01913989326292437,0.0433113528376913,0.015501743326045554,0.05656398831096615,0.0016498421939541705
0.674199862463242,1.0,0.4280852441510823,0.20846292265881913,0.5230453957239096,0.5802884574739972,0.2084629226588191,0.6541495837847084,0.5946444599117349,0.6147073141168121,0.2084629226588191,0.596153548413804,0.6597727626410698,0.3908679799852858,0.5591799493396022,0.5390789430061833,0.675310346816486,0.20846292265881908,0.621581560508061,0.5503999567703216,0.6768281028610026,0.37422759959187446,0.5584657736994931,0.6022550742294929,0.28840215568307825,0.08024761107216188,0.004542383350015648,0.030643265701970308,0.02922188567032327,0.025023076581789733,0.01349330923163045,0.05886220439606179,0.24375375046466502,0.00026328741878816134,0.029629985082598644,0.0031130441671383714,0.06819186471521047,0.01425372274164052,0.06127963001073615,1.5937771935536915e-17,0.029568662481823056,0.00890203000907351,0.0025075973829656872,0.04908657565060988,0.009269322580628712,0.04006661129559189,0.019961631359365167,0.01358190213409897,0.0036744061327185487,0.03724601837974454,0.02678095956582494,0.02183171478668864,0.018891784366845122,0.0339732594509417,0.4662122174193602,0.42536803408096097,0.531816603069704,0.5030905200166167,0.5003412581446084,0.6346451238479475,0.5830561213051466,0.565685424949238,0.4752165831993654,0.4284861042418498,0.4629706566205015,0.04501377235567874,0.5367251761137658,0.14495024627454078,0.021831714786688595,0.060382581969800314,0.1034738182187404,0.026240648022224002,0.004158332843703146,0.043851048230205726,0.0329181465579538,0.03788340252370806,0.00106941611944915,0.17035712688965848,0.0218317147866886,0.17938284217902692
0.4280852441510823,0.4280852441510823,1.0,0.5270462766947299,0.24832597056838124,0.6052891240323842,0.5270462766947299,0.3090697799555323,0.6227452403262754,0.49487165930539356,0.5270462766947299,0.38507536730042974,0.5091750772173156,0.7027283689263065,0.6443794794178425,0.6666666666666667,0.49487165930539356,0.5270462766947299,0.41925779620402454,0.2545963488581608,0.3716387939698129,0.7027283689263065,0.25065271513790627,0.5342045994768851,0.6388765649999398,0.020509545040581584,0.00755416215776679,0.035065704891554236,0.03312189108727278,0.04891464181631041,0.03974697160034424,0.03893966038042906,0.022176128531448295,0.15354029596295368,0.05569138894479986,0.012643501660017464,0.07218929878749364,0.07456984903868137,0.08030150858622996,0.010311470414829084,0.0005625368297887475,0.004641713177095848,0.031516072725684637,0.0726199728789059,0.05254343679186106,0.021947211672316367,0.45951105063797615,0.021947211672316363,0.048991804235549836,0.0184970126535506,0.00874258151537406,0.2180835118182069,0.006167178752204853,0.009653218615446683,0.20405137795775347,0.17896981264246048,0.26602633004825643,0.22625884462489196,0.6880209161537815,0.352454248885583,0.27265802757300217,0.2648901822264761,0.20358621807420482,0.175331571677508,0.19326595115322168,0.08045759834138928,0.255423892330498,1.2648054353351496e-05,0.007126912150921792,0.02014105434861814,0.05932363126967063,0.09398713962415846,0.012941290417825891,0.03020601761257006,0.03829195895401136,0.029703323582618516,0.013440672902090561,0.022488279926936517,0.21808351181820668,0.06861599901547598
0.20846292265881908,0.20846292265881913,0.5270462766947299,1.0,0.11321086774824395,0.3768445758127966,0.7071067811865476,0.1474330534615246,0.3527668414752787,0.24167519817552333,0.7071067811865476,0.18088578911319672,0.2612947001872144,0.5656854249492381,0.3768445758127966,0.40655781409087083,0.24986989330370435,0.7071067811865476,0.20846292265881908,0.11784824857589313,0.1767544242168261,0.5656854249492381,0.11508451001088045,0.2658119636133784,0.6666666666666667,0.03818248596224213,0.030849527403842548,0.047799526606306326,0.008061643155178235,0.02044646386152795,0.07104457652381432,0.0832916449114006,0.041678865285031584,0.029222173663284366,0.019748654221473576,0.01649676728061395,0.048367908661275875,0.0332427813061886,0.07395017195661172,0.022983951313056,0.07899427249594454,0.02674404481539581,0.014049671908366222,0.015263426172389313,0.0100689433213552,0.009783932344089762,0.007736429852494567,0.009783932344089762,0.010485363919766367,0.008245854784295256,0.003897389214457865,0.0031771337219499464,0.5764345663624069,0.030496150261559572,0.09324959172079747,0.08164920144303481,0.12355675695545393,0.1045400966507717,0.4444444444444444,0.1753901900050285,0.12803250731264187,0.12751105890249217,0.09345296382746718,0.08019227673971649,0.08962141439876156,0.011325270120179065,0.11825954664610328,0.03473625221625524,0.003177133721949941,0.008978758487761779,0.009343915000832984,0.059441026855863346,0.2747001956474139,0.023881129936735666,0.017070320427140007,0.013241559459396826,0.0059917695375840225,0.010025137253204237,0.003177133721949941,0.07611133046226723
0.5559729307733013,0.5230453957239096,0.24832597056838124,0.11321086774824395,1.0,0.36603208022899436,0.11395814231478886,0.6778341980946172,0.3906255099141983,0.4826704347781792,0.11395814231478886,0.524612689929938,0.46387046636396223,0.2220957511959735,0.35918975577633416,0.3403468827676598,0.5130562249761162,0.11395814231478886,0.5196378975897677,0.7042897925559123,0.6294273161999712,0.2220957511959735,0.6405140479279012,0.4480423231859802,0.1590715461452699,0.042544805175418095,0.008698917932339952,0.013767430541617663,0.3259284593353835,0.09736377761516686,0.007407353990213245,0.05505585647289765,0.010268658336469205,0.045206152750563056,0.07320081830999625,0.10515399461118072,0.05822052999032923,0.015658735185217817,0.034133352495922316,0.05129891760425726,0.03883037232437533,0.03383955935226391,0.04912768440542473,0.04962865752217142,0.04455238857213204,0.0054592999733686035,0.03028031441388618,0.021432807302854538,0.032155007124548725,0.05120169309615144,0.021263632562767656,0.04491085768502112,0.06886253371825551,0.015771712731730836,0.5619514869490164,0.5276004640417448,0.5749008759548212,0.5917573490039622,0.3023863422841713,0.5706801003851565,0.6140528144595173,0.5967859903952164,0.5504144868006182,0.5172097998185222,0.5381569670568881,0.02277742041878927,0.5764507695333876,0.14614561273306892,0.044910857685021094,0.016301209864872303,0.06762109912788855,0.027798132995715,0.022781360913134947,0.06061878716309762,0.025440270779357507,0.023035049928211714,0.01592059605218967,0.1335676934797698,0.001772797013882377,0.16567852661449944
0.5802884574739972,0.5802884574739972,0.6052891240323842,0.3768445758127966,0.36603208022899436,1.0,0.3768445758127966,0.4556450995538137,0.7050116453778216,0.6388765649999399,0.3768445758127966,0.5360360002581718,0.6620242548062644,0.6123724356957945,0.7071067811865476,0.7041787902195303,0.6388765649999399,0.3768445758127967,0.5802884574739972,0.3766088364714687,0.506994100737411,0.6123724356957945,0.3714264941049951,0.6666666666666666,0.4948716593053935,0.02113213991063181,0.03666825449665614,0.05232025471617507,0.0086496039294059,0.030437795222541277,0.031256054937432755,0.07043530874809112,0.06708524739500427,0.027167237136820243,0.03656181010220243,0.005604977187608735,0.01863277151593112,0.046744338526140364,0.06399303309043301,0.026773977630083254,0.04126308643861603,0.02160321225372874,0.049099338437633006,0.3281681338012191,0.013581294893433883,0.034191873557368274,0.034873132980566136,0.03419187355736825,0.010426916582406806,0.02881675938073695,0.013620192223129263,0.1350879346411461,0.009607935588786384,0.028617304139957202,0.305641402082026,0.2701518860866507,0.3918133299776317,0.3397235302333984,0.692820323027551,0.5184592558726288,0.38439377922989804,0.3896488513206972,0.3036181208275135,0.2623593218732184,0.28794370480178705,0.14367097351459598,0.3752072013191773,0.012837972539866906,0.011103117915710637,0.02811449657301912,0.0326541465132138,0.03752490021181792,0.020161420605134355,0.03856074769515166,0.00725040635606974,0.0062218626024377124,0.05783267189956979,0.06451876110975988,0.011103117915710635,0.0212565043967566
0.2084629226588191,0.2084629226588191,0.5270462766947299,0.7071067811865476,0.11395814231478886,0.3768445758127966,1.0,0.1474330534615246,0.35276684147527876,0.24986989330370435,0.7071067811865476,0.18408755606950536,0.27196414661021057,0.565685424949238,0.3768445758127966,0.40655781409087083,0.24986989330370432,0.7071067811865476,0.20846292265881913,0.11784824857589313,0.1767544242168261,0.565685424949238,0.11508451001088045,0.27712812921102037,0.6666666666666667,0.038182485962241296,0.015581789487453411,0.008154774880340799,0.025457820490036018,0.04997405472422386,0.07104457652381274,0.017359061750176808,0.0012918408489650667,0.059568277082847565,0.07546807148920086,0.01649676728061364,0.032181546605986586,0.033242781306187914,0.021430457995589024,0.022983951313055497,0.020062037459287065,0.026744044815395197,0.0140496719083659,0.015263426172388956,0.010068943321354969,0.00978393234408953,0.00773642985249439,0.009783932344089526,0.010485363919766164,0.19219184612626233,0.0038973892144577764,0.49880999434613116,0.0027492904595980655,0.0037273072541905298,0.09324959172079747,0.08164920144303481,0.12355675695545393,0.1045400966507717,0.4444444444444444,0.1753901900050285,0.12803250731264187,0.12646156731968924,0.09345296382746719,0.07993317339118398,0.08925930619307855,0.01132527012017883,0.11825954664610328,0.024603320204754926,0.0031771337219498753,0.008978758487761548,0.009343915000832778,0.05944102685586201,0.005769147889202419,0.02388112993673516,0.017070320427139685,0.013241559459396517,0.005991769537583914,0.010025137253204051,0.0031771337219498753,0.00024009883426582068
0.6440071154867247,0.6541495837847084,0.3090697799555323,0.1474330534615246,0.6778341980946172,0.4556450995538137,0.1474330534615246,1.0,0.48268847684658206,0.5968668193156661,0.1474330534615246,0.6748499726079781,0.5573835482180242,0.2854554864893349,0.428004044181764,0.4242640687119285,0.5809475019311126,0.1474330534615246,0.659162297579128,0.6861394110542416,0.6764690967364888,0.2854554864893349,0.5829825921137406,0.566344828262074,0.20623549957619863,0.09175233140785466,0.03968064659163358,0.006706412450014896,0.028037538533990332,0.15112430270223778,0.060074055749277766,0.08560265782526058,0.0551983044390073,0.006263672338189719,0.025990717351830915,0.4406079938837023,0.059156967875460036,0.008009168971499054,0.034947383312291545,0.01568446556388196,0.008699187086441507,0.0068827500721708994,0.0148836524413433,0.047878877711885114,0.007835512886172524,0.02200820969599948,0.0066566509684850145,0.061078963987773766,0.021349587735093076,0.03881221131679691,0.03989422842743691,0.03252159111483951,0.02814212683755207,0.032064141566994005,0.5580304648413204,0.5213659348743088,0.6565718233363448,0.5821123005407094,0.36693020927235626,0.658612038334174,0.6621812176546366,0.6513745702247699,0.5763816817667378,0.5047805857148917,0.5569234547924986,0.09803551751047085,0.6433182438904449,0.072006585714266,0.03252159111483943,0.004489375863029773,0.05493988521346801,0.14655481976537257,0.06854280469336768,0.10630729239483405,0.0849954335576607,0.10425759129671172,0.03095836115036896,0.0880270215255924,0.032521591114839446,0.011086893268489464
0.5839292676710697,0.5946444599117349,0.6227452403262754,0.3527668414752787,0.3906255099141983,0.7050116453778216,0.35276684147527876,0.48268847684658206,1.0,0.6435544141694584,0.35276684147527876,0.5465958396391087,0.660774038619447,0.5879447357921312,0.6773532791126241,0.6972166887783963,0.5958156119354339,0.3527668414752787,0.6051699577511808,0.40420212231883196,0.5409664503401698,0.5879447357921312,0.3938253623713579,0.6821832314113536,0.46770717334674267,0.03206488078821573,0.013556874806227893,0.08693841058066228,0.04193797718372235,0.0653278534544952,0.005013002756948385,0.0068527173048297235,0.01648876669562989,0.03854777493082128,0.014476030551403144,0.02561669613996728,0.06322824246223402,0.2264021347580267,0.0037496208872626465,0.03724194613619305,0.004402048578483067,0.03215827786514188,0.049650090048156514,0.00661556267215836,0.007155775779146109,0.1021660492622007,0.02924994487821312,0.009394579242501236,0.04765463708912207,0.022953744997457434,0.014735274779887885,0.012012128075818243,0.010394535455073347,0.022053421404853026,0.32466189475637874,0.28708855808985556,0.4083538917066038,0.35750917290639833,0.6803013430498075,0.523772119356232,0.4260731012652819,0.4214692585757611,0.3252702480817514,0.2843870058243405,0.3124665929698757,0.1058703027291073,0.39745151700339393,0.02465027687464413,0.01201212807581823,0.021221485904243848,0.061326154354438306,0.04889845099551985,0.02181203229019425,0.010567909084013541,0.028525017326148833,0.05006377510991729,0.02265372168284817,0.008255754296515944,0.01201212807581823,0.06056104381293938
0.6557319602458285,0.6147073141168121,0.49487165930539356,0.24167519817552333,0.4826704347781792,0.6388765649999399,0.24986989330370435,0.5968668193156661,0.6435544141694584,1.0,0.24986989330370435,0.6157375001568911,0.6509543361162056,0.4556450995538137,0.6234796863885497,0.5645794895318107,0.6831300510639732,0.24986989330370432,0.6252158926670754,0.5143463597573776,0.6557087568911443,0.41349119020871017,0.5009589626225844,0.5737753105492469,0.33145630368119416,0.057259466447559845,0.012508153254084112,0.08278070711638202,0.029979029944179746,0.0027700626291430174,0.22893996103034894,0.009545735007602925,0.016852127757266053,0.010399205848033739,0.045483552313167364,0.001156340993810401,0.014841895955154037,0.0005147477894157986,0.07594059059562239,0.008592321037107708,0.035624965210011676,0.02313404567477672,0.03976763961760868,0.018808929350810737,0.02516053193075375,0.0735589139641645,0.04338280746527022,0.07355891396416446,0.0587977313576807,0.02869217708480718,0.021855001484118335,0.017816096465520036,0.09284413266457807,0.011622361635904917,0.4298901380002954,0.37800500120712055,0.51734730847193,0.4599565147823277,0.5611726210349296,0.6093053938753584,0.5465040408511787,0.5134024016308942,0.4230009086789335,0.3746850159872759,0.4030717943811402,0.054109396971667605,0.5121024634729102,0.10204175477001425,0.017816096465519994,0.0287811085016066,0.018947581008358808,0.08989699886024989,0.020074257574933547,0.014412939982746517,0.026112383751458648,0.01174312832049331,0.06751889377950623,0.08822165690384777,0.017816096465519998,0.17152859915351043
0.20377776431465955,0.2084629226588191,0.5270462766947299,0.7071067811865476,0.11395814231478886,0.3768445758127966,0.7071067811865476,0.1474330534615246,0.35276684147527876,0.24986989330370435,1.0,0.18408755606950536,0.26129470018721446,0.565685424949238,0.3768445758127966,0.36774537952540476,0.24986989330370432,0.7071067811865476,0.20846292265881913,0.11784824857589313,0.1767544242168261,0.565685424949238,0.11508451001088045,0.27712812921102037,0.6666666666666667,0.042946968906738534,0.014953686345323515,0.008154774880340799,0.025457820490036018,0.01476379543134819,0.03560666424352611,0.016191173803681732,0.044262546982960935,0.059568277082847565,0.019748654221473105,0.037805091684739604,0.032181546605986586,0.028915318650944533,0.021430457995589024,0.022983951313055497,0.0789942724959428,0.0966299429461359,0.0140496719083659,0.015263426172388956,0.15739348244433823,0.00978393234408953,0.00773642985249439,0.16197843547437107,0.010485363919766165,0.008245854784295084,0.0038973892144577764,0.0031771337219498805,0.0027492904595980655,0.02304153575317785,0.09284149526916889,0.08164920144303481,0.12260263644538452,0.1045400966507717,0.4444444444444444,0.17262796714050277,0.12803250731264187,0.12646156731968924,0.0930421795802794,0.07993317339118398,0.08925930619307856,0.01132527012017883,0.11825954664610328,0.034747702776242624,0.0031771337219498753,0.00897875848776155,0.009343915000832776,0.05944102685586201,0.005769147889202419,0.023881129936735156,0.017070320427139688,0.013241559459396517,0.005991769537583914,0.010025137253204051,0.0031771337219498753,0.00024009883426582068
0.6432890605866313,0.596153548413804,0.38507536730042974,0.18088578911319672,0.524612689929938,0.5360360002581718,0.18408755606950536,0.6748499726079781,0.5465958396391087,0.6157375001568911,0.18408755606950536,1.0,0.6184683951400108,0.34428149061545565,0.5360360002581719,0.4963601417760012,0.64054215969014,0.18408755606950536,0.6871990815291383,0.5926728575402355,0.6823219109626191,0.3500681394108626,0.6076052668979287,0.5784784655409245,0.25592659102612714,0.07143806629191077,0.008839161669160147,0.023517832792353883,0.012598738803125925,0.04934240559507667,0.00044488295265098627,0.025640462112325648,0.0281040717045047,0.14487658917367285,0.00929707660059326,0.020219331679599148,0.36577404877690306,0.012800496643368823,0.06872662453469904,0.047836487323494124,0.007481123760357528,0.006094419876448031,0.05831605667633207,0.05461963340623888,0.013309207606621099,0.05354792099411374,0.06118694603044092,0.041782462296815426,0.015648819112326445,0.009593170369106955,0.030824210659360238,0.02512775444008748,0.13898337757084006,0.04805036982718959,0.5158539164898284,0.470072151054776,0.5776360538000972,0.5420968601944528,0.45008268091893633,0.6511048302692893,0.6302256678620782,0.6016528316949588,0.5163496008996432,0.4688897623399385,0.498558778142716,0.08504655792249949,0.5791908654343182,0.055280871274862135,0.044524617516646416,0.05984467964458909,0.0005893177577125852,0.023042041361329733,0.07112030875701104,0.05886147971645102,0.013214152467589502,0.022154276604795353,0.027673004335291913,0.05908186720233167,0.025127754440087417,0.07559061465963322
0.6698462118294015,0.6597727626410698,0.5091750772173156,0.2612947001872144,0.46387046636396223,0.6620242548062644,0.27196414661021057,0.5573835482180242,0.660774038619447,0.6509543361162056,0.26129470018721446,0.6184683951400108,1.0,0.48765984909417065,0.6620242548062643,0.6012620352104586,0.7041787902195303,0.27196414661021057,0.6391497476841315,0.49541300804149746,0.6399729152678186,0.48765984909417065,0.4815885889914358,0.6466785134932604,0.37037037037037035,0.05852112292675919,0.02019230353834925,0.009235409384399465,0.013583758493123039,0.06833419874091524,0.01840996427860022,0.04744607552037872,0.006585660698534737,0.013980391526291908,0.06975438962476203,0.004485263006191427,0.01623036557079962,0.007982042835037536,0.0657962495015629,0.00468678490793013,0.40270399887312064,0.010548791971544343,0.07162366183757041,0.0049568645489945565,0.016966031828186103,0.014852380401031977,0.003909650551687435,0.05519765253517866,0.04542219697938806,0.04203644885688689,0.019868455930241342,0.016196673687317906,0.10408901414058075,0.02193797659292189,0.3979815168713609,0.3648149258380341,0.49008141145211576,0.4340693820002439,0.5874081025424968,0.6004523792354617,0.5267847308054621,0.5103884088848144,0.4003606071284247,0.3573714875657733,0.38855068263520964,0.006420635679338861,0.4775988629093731,0.10179408996257107,0.0861663040165309,0.004116038319988276,0.011143524647826478,0.10993967231073778,0.027781585344443246,0.029995747931140054,0.02246735690852201,0.06750399462048402,0.024610843744120963,0.01625332592888054,0.08616630401653097,0.06310929062741295
0.3656235161413384,0.3908679799852858,0.7027283689263065,0.5656854249492381,0.2220957511959735,0.6123724356957945,0.565685424949238,0.2854554864893349,0.5879447357921312,0.4556450995538137,0.565685424949238,0.34428149061545565,0.48765984909417065,1.0,0.6123724356957945,0.6388765649999399,0.4556450995538137,0.4381780460041329,0.3908679799852858,0.2308534184431879,0.33744026441394076,0.7071067811865476,0.2226866160020376,0.49487165930539356,0.6666666666666667,0.03588565274932145,0.02358584459354771,0.00352120661385849,0.01616175146158749,0.04724516453496318,0.06224887549970433,0.032459601826755655,0.0025898455596473574,0.008167930499981768,0.044186982977787094,0.005856543718825724,0.044331238243463016,0.026815408298294242,0.00484092043028536,0.046077567758408884,0.040219798493784154,0.0700526241683979,0.03540916357932188,0.03059967992902207,0.020185929382898357,0.06647152219551881,0.01550977314044342,0.019614547533103918,0.3030065285536309,0.08392688782874368,0.19793881682146883,0.0063694267515923405,0.005511698824723786,0.005943953672255728,0.18408755606950536,0.1616762333209762,0.24153952487532346,0.20457484612789673,0.6666666666666667,0.33507379583050223,0.24986989330370432,0.2448867820034393,0.18367823326882154,0.15833900860580835,0.1763934934468934,0.05613769135208138,0.23162559481029882,0.022842337192738843,0.006369426751592336,0.018000358031180556,0.018732413357277003,0.01271423011054159,0.011565822566897286,0.04787620578460905,0.08092200771980722,0.042384877332958454,0.012012128075818205,0.020098108231262558,0.006369426751592336,0.000481343270959368
0.5802884574739972,0.5591799493396022,0.6443794794178425,0.3768445758127966,0.35918975577633416,0.7071067811865476,0.3768445758127966,0.428004044181764,0.6773532791126241,0.6234796863885497,0.3768445758127966,0.5360360002581719,0.6620242548062643,0.6123724356957945,1.0,0.7041787902195303,0.6388765649999399,0.3768445758127966,0.5591799493396022,0.3766088364714687,0.5212784195131327,0.6123724356957945,0.3714264941049951,0.6478835438717001,0.49487165930539356,0.055579013685004036,0.0010975149081884604,0.017683661510215568,0.06721977910852583,0.041340886048526274,0.030862897013691538,0.01750060788034223,0.02051367069103437,0.014238250788574481,0.044572543776280504,0.12090736504698862,0.04209076274714318,0.007561584173346219,0.036215837408321974,0.02677397763008318,0.04126308643861603,0.050255893769200456,0.3941975457421393,0.05070691565757969,0.03518790040571509,0.03419187355736825,0.03487313298056613,0.015829571091374194,0.03664316398960123,0.029555650646909695,0.013620192223129268,0.011103117915710633,0.009607935588786384,0.02082155577079646,0.3017311165038612,0.26747262761909063,0.3861345755361366,0.33434498160159715,0.6572670690061994,0.511499755620665,0.40346607481754293,0.40212075787032925,0.30097791312679106,0.26064453669003745,0.2903039385860959,0.01667221186092687,0.36499556486198975,0.09835161974621871,0.011103117915710637,0.08760702849203578,0.019460551962420348,0.01411000915097321,0.020161420605134348,0.006892944612299703,0.12596673021669166,0.006221862602437726,0.02093941568777526,0.035034811495184476,0.011103117915710635,0.045030226419445124
0.5286103941837503,0.5390789430061833,0.6666666666666667,0.40655781409087083,0.3403468827676598,0.7041787902195303,0.40655781409087083,0.4242640687119285,0.6972166887783963,0.5645794895318107,0.36774537952540476,0.4963601417760012,0.6012620352104586,0.6388765649999399,0.7041787902195303,1.0,0.5809475019311126,0.40655781409087083,0.5390789430061833,0.3482887267446811,0.48907824615719475,0.5399492471560389,0.33458072600788435,0.6443794794178425,0.5270462766947299,0.047424789136260546,0.025314712721458885,0.011907877853646675,0.0063516610545740915,0.047023776678074336,0.022466975055080163,0.023231899237678967,0.07254704151367597,0.06246749460636644,0.043581351267492,0.0006567927469268767,0.025533812338393864,0.026689456765062756,0.02288071271125689,0.014641115812672306,0.062301591365172826,0.0523525816691341,0.004347069088782626,0.048615137415728246,0.0746057072674262,0.07825261471474858,0.024641099327130312,0.5159132563052008,0.018083067911371965,0.10141811502082616,0.012413471921932637,0.01011940508875687,0.008756692762133068,0.020397822151008643,0.27648476482814527,0.2457213601666206,0.35744849518940647,0.30665039032982677,0.7027283689263065,0.46584172333118556,0.37100167037007714,0.3638759021841322,0.27823921284119574,0.2409673117344058,0.26483312839662865,0.01101974284699245,0.3446221077785833,0.05880410747812627,0.010119405088756866,0.03646793529633498,0.027235877331475904,0.10551455519745397,0.01837516126704183,0.07262717888036582,0.017783270132871568,0.04217534290443928,0.0670674285157248,0.03193080109744259,0.010119405088756864,0.09742691854529689
0.6040159365562485,0.675310346816486,0.49487165930539356,0.24986989330370435,0.5130562249761162,0.6388765649999399,0.24986989330370432,0.5809475019311126,0.5958156119354339,0.6831300510639732,0.24986989330370432,0.64054215969014,0.7041787902195303,0.4556450995538137,0.6388765649999399,0.5809475019311126,1.0,0.24986989330370432,0.684889695448972,0.5240214337490525,0.6483821721108642,0.4556450995538137,0.5162823380252887,0.7027283689263065,0.3423265984407288,0.05993151542353296,0.041714916881310245,0.08765843716743255,0.0013482632514578332,0.03671895049006895,0.02958744605214483,0.015816945532348293,0.048980467855583215,0.07258435596960953,0.014238329419774137,0.031606653830817955,0.09055224161402985,0.05860771259492121,0.05811204183766057,0.38665444666984666,0.03843746246343376,0.12676289380784622,0.016057122411638244,0.0034518259857293353,0.02516053193075381,0.041453089637264025,0.043382807465270345,0.009347265310363439,0.0318368203936711,0.028692177084807233,0.021855001484118387,0.017816096465520077,0.09284413266457828,0.02590488233833851,0.4408678231770148,0.38464883143464085,0.5247383587460516,0.4723564871810284,0.5765500605317538,0.6467202808122768,0.5386402633793109,0.5529513090322051,0.4397414357844776,0.3847118042400174,0.42167178118202275,0.019401219722429405,0.5219200175301785,0.04109648580949019,0.01781609646552004,0.026020226722639987,0.08140050165043532,0.047501221192809286,0.03235107625712432,0.11841344283803379,0.011634023887216547,0.02283757052173279,0.03359944951112874,0.024268171579523636,0.017816096465520043,0.0013463783293053567
0.2084629226588191,0.20846292265881908,0.5270462766947299,0.7071067811865476,0.11395814231478886,0.3768445758127967,0.7071067811865476,0.1474330534615246,0.3527668414752787,0.24986989330370432,0.7071067811865476,0.18408755606950536,0.27196414661021057,0.4381780460041329,0.3768445758127966,0.40655781409087083,0.24986989330370432,1.0,0.20846292265881908,0.11784824857589311,0.1767544242168261,0.5656854249492381,0.11508451001088045,0.27712812921102037,0.6666666666666667,0.038182485962242114,0.01558178948745373,0.00815477488034096,0.008061643155178233,0.049974054724224864,0.03560666424352688,0.04974140935754133,0.04167886528503157,0.02922217366328433,0.019748654221473552,0.037805091684740326,0.032181546605987314,0.02891531865094509,0.07395017195661167,0.022983951313055976,0.020062037459287554,0.026744044815395798,0.014049671908366217,0.015263426172389266,0.010068943321355195,0.16197843547437463,0.007736429852494563,0.009783932344089759,0.15114268479468093,0.008245854784295249,0.40662760804177067,0.0031771337219499464,0.002749290459598131,0.01711172875787511,0.09324959172079747,0.08164920144303481,0.12355675695545393,0.1045400966507717,0.4444444444444444,0.1753901900050285,0.12803250731264187,0.12751105890249217,0.09345296382746719,0.08019227673971649,0.08962141439876156,0.011325270120179066,0.11825954664610328,0.021708010655161803,0.003177133721949939,0.00897875848776177,0.009343915000832977,0.028269655684694174,0.005769147889202547,0.02388112993673566,0.09779973285353126,0.12429268006945064,0.0059917695375840225,0.010025137253204235,0.0031771337219499395,0.0761113304622672
0.6990252954195317,0.621581560508061,0.41925779620402454,0.20846292265881908,0.5196378975897677,0.5802884574739972,0.20846292265881913,0.659162297579128,0.6051699577511808,0.6252158926670754,0.20846292265881913,0.6871990815291383,0.6391497476841315,0.3908679799852858,0.5591799493396022,0.5390789430061833,0.684889695448972,0.20846292265881908,1.0,0.5397115615100953,0.6835628767266931,0.3826382587209975,0.5713799836145413,0.645326400545013,0.28206287264415103,0.05473154359392045,0.05506696625982459,0.0058778642650837995,0.013517606976748179,0.03052188895998552,0.05513281818861532,0.0564082308043386,0.002166133694667662,0.360791526212735,0.06443695640639474,0.06472984940635904,0.13307962857148192,0.04337555282585425,0.028094353451075863,0.014357683075131597,0.01684043028766084,0.05853389595007235,0.042127636033822816,0.006709675808356783,0.03542205414740273,0.0400666112955919,0.04643705821494416,0.01324235458074646,0.07939912382439836,0.005943513571235863,0.03733103454630147,0.02183171478668864,0.018891784366845125,0.11234459472640065,0.47468949753691647,0.4375238528074339,0.5599316998768874,0.5113610553647575,0.5102499677469846,0.6417363509128514,0.5621512136681971,0.5486684217603899,0.4709734930471714,0.43421861460931055,0.4591443872397131,0.028687533677453417,0.5439785479703095,0.12285192450077352,0.02183171478668859,0.09481770323758605,0.13142059305388748,0.011212339132409141,0.039642773109970164,0.025455967147416683,0.03924757816334761,0.08084105145530668,0.0010694161194491464,0.09027795463102092,0.05656398831096611,0.10828964218499779
0.5745668329951014,0.5503999567703216,0.2545963488581608,0.11784824857589313,0.7042897925559123,0.3766088364714687,0.11784824857589313,0.6861394110542416,0.40420212231883196,0.5143463597573776,0.11784824857589313,0.5926728575402355,0.49541300804149746,0.2308534184431879,0.3766088364714687,0.3482887267446811,0.5240214337490525,0.11784824857589311,0.5397115615100953,1.0,0.6472699549525569,0.22926677820908256,0.6617331796869892,0.48213089054197783,0.16550521233073592,0.09566999847555036,0.014424395651170468,0.023440673746118818,0.10166069481800563,0.46761432162002664,0.004146111788198339,0.0016884858660924419,0.02565324747632791,0.07834706249284634,0.07253969035253485,0.09236067268437959,0.05958144462266714,0.05953015429506041,0.017303822937625637,0.0043775100931134426,0.06376300538515028,0.014314286876261153,0.05160649623807871,0.08846803848772489,0.024526695081723362,0.014907536829757689,0.05733743416059959,0.06687686661127418,0.0340470344685397,0.0030201937307125244,0.05270290942317917,0.004840920430285403,0.017977904044177796,0.018538091005802854,0.5630537403659673,0.5311870239333709,0.5803976344886818,0.5910339321945889,0.315644431928408,0.6231885372273926,0.6031821353699292,0.6343194585986172,0.5349152517866376,0.5383874294122121,0.5577036647785897,0.003342171662635146,0.5778564632279166,0.12090546068225284,0.04296316881878276,0.018782815653848775,0.04114735659078228,0.09705326051810749,0.05130497423778424,0.1436747304652502,0.01350806814882092,0.017399625254703788,0.029507886112805932,0.010925791028862524,0.004840920430285445,0.039372742451453814
0.6420955168354483,0.6768281028610026,0.3716387939698129,0.1767544242168261,0.6294273161999712,0.506994100737411,0.1767544242168261,0.6764690967364888,0.5409664503401698,0.6557087568911443,0.1767544242168261,0.6823219109626191,0.6399729152678186,0.33744026441394076,0.5212784195131327,0.48907824615719475,0.6483821721108642,0.1767544242168261,0.6835628767266931,0.6472699549525569,1.0,0.33744026441394076,0.638065798949086,0.6118060679839367,0.2421875,0.036900157772396136,0.030040148364369586,0.030477118646629754,0.022791737249372744,0.1270174792627287,0.032786469044376015,0.07656712076278405,0.022186177275252565,0.028534756928820394,0.3571906577609278,0.0302179439383408,0.007851052145743005,0.06776024505612262,0.05009289214866386,0.05528134553975567,0.00737206469577876,0.025719637673929326,0.08249656785348386,0.0008561055954727868,0.00608989989092067,0.01220201696711374,0.0640934558057068,0.035153429833827486,0.04367288805504664,0.014747655540922458,0.032288426074715576,0.026321376097135987,0.022776853138852606,0.012043855965220528,0.5404823791589429,0.4970985776330221,0.6374443557866436,0.5717601232013874,0.4499433070863892,0.6722879383121492,0.6439453693228961,0.6432358561304377,0.5538024609313621,0.4877068427448044,0.5362428130130213,0.009745097754441396,0.6318195002180709,0.03960566204108751,0.10783273433342785,0.004360601676856556,0.07741087485787304,0.002498764342893792,0.010318082001230675,0.04978127193112546,0.026465597869755546,0.036190432778816575,0.022646633822206632,0.0373762370613743,0.040755679118145906,0.06897789207082351
0.3908679799852858,0.37422759959187446,0.7027283689263065,0.5656854249492381,0.2220957511959735,0.6123724356957945,0.565685424949238,0.2854554864893349,0.5879447357921312,0.41349119020871017,0.565685424949238,0.3500681394108626,0.48765984909417065,0.7071067811865476,0.6123724356957945,0.5399492471560389,0.4556450995538137,0.5656854249492381,0.3826382587209975,0.22926677820908256,0.33744026441394076,1.0,0.22565590198211855,0.49487165930539356,0.6666666666666667,0.0047758495203596586,0.01593376359605175,0.0035212066138584977,0.0342373945436262,0.0056962255113076204,0.0622488754997043,0.017985812159743323,0.045663066446414324,0.008167930499981742,0.016260809735825665,0.005856543718825715,0.02414583293375939,0.06664417650605495,0.04296316881878281,0.04607756775840892,0.009426515271980558,0.008218464287912631,0.0354091635793219,0.030599679929022072,0.020185929382898378,0.32472973138138733,0.015509773140443437,0.1525575919241417,0.021020757480031953,0.08392688782874369,0.007813374348215859,0.006369426751592347,0.005511698824723789,0.007472398902264369,0.18249369441537858,0.16060196073761956,0.2397165590073104,0.20345387962965744,0.6666666666666667,0.33507379583050223,0.24784662200239496,0.24690234506784256,0.18367823326882154,0.15833900860580835,0.17568365759574597,0.01671655698039758,0.23162559481029882,0.04934677026335363,0.006369426751592339,0.0180003580311806,0.07095611120180689,0.10114767984735043,0.011565822566897296,0.0010813493580850509,0.034222089815013394,0.026546299411571075,0.12355331735127305,0.020098108231262596,0.006369426751592339,0.07653358008254915
0.5649597800149702,0.5584657736994931,0.25065271513790627,0.11508451001088045,0.6405140479279012,0.3714264941049951,0.11508451001088045,0.5829825921137406,0.3938253623713579,0.5009589626225844,0.11508451001088045,0.6076052668979287,0.4815885889914358,0.2226866160020376,0.3714264941049951,0.33458072600788435,0.5162823380252887,0.11508451001088045,0.5713799836145413,0.6617331796869892,0.638065798949086,0.22565590198211855,1.0,0.4627116639852313,0.16060196073761956,0.08452101527248165,0.008670505485262308,0.01986507492677942,0.01620981702432361,0.07410395086787296,0.007537289443037347,0.3861169967536351,0.034118281590628664,0.07098541136706284,0.04272988610256335,0.06236764756026657,0.014864052869702547,0.013464058963939454,0.022525757543938554,0.079629574874397,0.0016437322271129731,0.020783322126343727,0.07724278865699431,0.0902880780854987,0.0006450919576555436,0.04000474089283287,0.011496181203327146,0.008245251939744201,0.055484754069261864,0.053870077094509514,0.09938539332649977,0.04432714318746514,0.038357904492525394,0.0720555808860382,0.564157532311127,0.5209982960234695,0.6129787803315543,0.5720114951371619,0.3070077666337643,0.6214449326218587,0.6313936385946118,0.6348432574184043,0.579617189462137,0.514332177975299,0.5678037831369492,0.010709536327086528,0.6071941492813324,0.08516985632257205,0.0026774784475650285,0.02435063007050592,0.03719808567087517,0.15617844803505196,0.12960795986167176,0.08289198270209272,0.04339371751780906,0.04954005087259497,0.007614276544335854,0.01949984207330559,0.0026774784475650302,0.0175585668487742
0.6658180364356225,0.6022550742294929,0.5342045994768851,0.2658119636133784,0.4480423231859802,0.6666666666666666,0.27712812921102037,0.566344828262074,0.6821832314113536,0.5737753105492469,0.27712812921102037,0.5784784655409245,0.6466785134932604,0.49487165930539356,0.6478835438717001,0.6443794794178425,0.7027283689263065,0.27712812921102037,0.645326400545013,0.48213089054197783,0.6118060679839367,0.49487165930539356,0.4627116639852313,1.0,0.3768445758127966,0.062501662897091,0.014267018592414134,0.024210505937094427,0.01932285760312076,0.06543409529899637,0.055164367735761166,0.009891081359312512,0.024318743284650238,0.02582609335477593,0.0058667385573392666,0.008004475916808435,0.04876639158179417,0.002127018467783166,0.36906911127250486,0.019117977822546702,0.023466851921332455,0.005196055281737404,0.035393316845637623,0.02664607177228454,0.019395466610265394,0.04882946340006009,0.03861082691947631,0.04882946340006009,0.01871973015910753,0.041153255177115204,0.019451015942288236,0.015856378533398916,0.10671971737408338,0.06591793143718383,0.39831918390107,0.3524876798503678,0.47951715409118995,0.4342600897715612,0.5929270612815711,0.6173778736943731,0.5121969142940493,0.5033697591600397,0.39722877980524024,0.3477096596834653,0.385136635859594,0.0401657760945119,0.4706119232116529,0.06836096356510213,0.015856378533398892,0.002330332188472301,0.009420895598953939,0.05954537619326671,0.02953082412853705,0.032623727701227984,0.013532820860150228,0.0769149573926124,0.02990360941260933,0.05659618501205653,0.015856378533398885,0.11163981799914556
